n,         1,  5.0            ,  -2.5           ,  5.0            
n,         2,  5.0            ,  -2.5           ,  -5.0           
n,         3,  5.0            ,  0.0            ,  -5.0           
n,         4,  5.0            ,  2.5            ,  -5.0           
n,         5,  2.5            ,  -5.0           ,  -2.5           
n,         6,  2.5            ,  -5.0           ,  2.5            
n,         7,  2.5            ,  -5.0           ,  0.0            
n,         8,  -2.5           ,  -5.0           ,  -2.5           
n,         9,  -2.5           ,  -5.0           ,  2.5            
n,        10,  -2.5           ,  -5.0           ,  0.0            
n,        11,  0.0            ,  -5.0           ,  -2.5           
n,        12,  0.0            ,  -5.0           ,  0.0            
n,        13,  0.0            ,  -5.0           ,  2.5            
n,        14,  5.0            ,  -5.0           ,  -2.5           
n,        15,  5.0            ,  -5.0           ,  0.0            
n,        16,  5.0            ,  -5.0           ,  2.5            
n,        17,  2.5            ,  -5.0           ,  5.0            
n,        18,  -5.0           ,  5.0            ,  5.0            
n,        19,  5.0            ,  5.0            ,  5.0            
n,        20,  -5.0           ,  -5.0           ,  5.0            
n,        21,  5.0            ,  -5.0           ,  5.0            
n,        22,  5.0            ,  -5.0           ,  -5.0           
n,        23,  -5.0           ,  -5.0           ,  -5.0           
n,        24,  5.0            ,  5.0            ,  -5.0           
n,        25,  -5.0           ,  5.0            ,  -5.0           
n,        26,  0.0            ,  -5.0           ,  5.0            
n,        27,  -2.5           ,  -5.0           ,  5.0            
n,        28,  -5.0           ,  -5.0           ,  2.5            
n,        29,  -5.0           ,  -5.0           ,  0.0            
n,        30,  -5.0           ,  -5.0           ,  -2.5           
n,        31,  -2.5           ,  -5.0           ,  -5.0           
n,        32,  0.0            ,  -5.0           ,  -5.0           
n,        33,  2.5            ,  -5.0           ,  -5.0           
n,        34,  5.0            ,  0.0            ,  5.0            
n,        35,  5.0            ,  2.5            ,  5.0            
n,        36,  5.0            ,  5.0            ,  2.5            
n,        37,  5.0            ,  5.0            ,  0.0            
n,        38,  5.0            ,  5.0            ,  -2.5           
n,        39,  5.0            ,  0.0            ,  2.5            
n,        40,  5.0            ,  0.0            ,  0.0            
n,        41,  5.0            ,  0.0            ,  -2.5           
n,        42,  5.0            ,  -2.5           ,  0.0            
n,        43,  5.0            ,  -2.5           ,  2.5            
n,        44,  5.0            ,  -2.5           ,  -2.5           
n,        45,  5.0            ,  2.5            ,  0.0            
n,        46,  5.0            ,  2.5            ,  2.5            
n,        47,  5.0            ,  2.5            ,  -2.5           
n,        48,  2.5            ,  5.0            ,  -5.0           
n,        49,  0.0            ,  5.0            ,  -5.0           
n,        50,  -2.5           ,  5.0            ,  -5.0           
n,        51,  -5.0           ,  2.5            ,  -5.0           
n,        52,  -5.0           ,  0.0            ,  -5.0           
n,        53,  -5.0           ,  -2.5           ,  -5.0           
n,        54,  -2.5           ,  0.0            ,  -5.0           
n,        55,  0.0            ,  0.0            ,  -5.0           
n,        56,  2.5            ,  0.0            ,  -5.0           
n,        57,  0.0            ,  2.5            ,  -5.0           
n,        58,  -2.5           ,  2.5            ,  -5.0           
n,        59,  2.5            ,  2.5            ,  -5.0           
n,        60,  0.0            ,  -2.5           ,  -5.0           
n,        61,  -2.5           ,  -2.5           ,  -5.0           
n,        62,  2.5            ,  -2.5           ,  -5.0           
n,        63,  -5.0           ,  -2.5           ,  5.0            
n,        64,  -5.0           ,  0.0            ,  5.0            
n,        65,  -5.0           ,  2.5            ,  5.0            
n,        66,  -2.5           ,  5.0            ,  5.0            
n,        67,  0.0            ,  5.0            ,  5.0            
n,        68,  2.5            ,  5.0            ,  5.0            
n,        69,  0.0            ,  2.5            ,  5.0            
n,        70,  0.0            ,  0.0            ,  5.0            
n,        71,  0.0            ,  -2.5           ,  5.0            
n,        72,  -2.5           ,  0.0            ,  5.0            
n,        73,  -2.5           ,  2.5            ,  5.0            
n,        74,  -2.5           ,  -2.5           ,  5.0            
n,        75,  2.5            ,  0.0            ,  5.0            
n,        76,  2.5            ,  2.5            ,  5.0            
n,        77,  2.5            ,  -2.5           ,  5.0            
n,        78,  -5.0           ,  5.0            ,  -2.5           
n,        79,  -5.0           ,  5.0            ,  0.0            
n,        80,  -5.0           ,  5.0            ,  2.5            
n,        81,  -5.0           ,  2.5            ,  0.0            
n,        82,  -5.0           ,  0.0            ,  0.0            
n,        83,  -5.0           ,  -2.5           ,  0.0            
n,        84,  -5.0           ,  0.0            ,  -2.5           
n,        85,  -5.0           ,  2.5            ,  -2.5           
n,        86,  -5.0           ,  -2.5           ,  -2.5           
n,        87,  -5.0           ,  0.0            ,  2.5            
n,        88,  -5.0           ,  2.5            ,  2.5            
n,        89,  -5.0           ,  -2.5           ,  2.5            
n,        90,  0.0            ,  5.0            ,  2.5            
n,        91,  0.0            ,  5.0            ,  0.0            
n,        92,  0.0            ,  5.0            ,  -2.5           
n,        93,  2.5            ,  5.0            ,  0.0            
n,        94,  2.5            ,  5.0            ,  2.5            
n,        95,  2.5            ,  5.0            ,  -2.5           
n,        96,  -2.5           ,  5.0            ,  0.0            
n,        97,  -2.5           ,  5.0            ,  2.5            
n,        98,  -2.5           ,  5.0            ,  -2.5           
e,1,quad,11,8,10,12
e,2,quad,32,31,8,11
e,3,quad,9,28,20,27
e,4,quad,10,29,28,9
e,5,quad,13,9,27,26
e,6,quad,12,10,9,13
e,7,quad,31,23,30,8
e,8,quad,8,30,29,10
e,9,quad,15,7,6,16
e,10,quad,16,6,17,21
e,11,quad,7,12,13,6
e,12,quad,6,13,26,17
e,13,quad,22,33,5,14
e,14,quad,14,5,7,15
e,15,quad,33,32,11,5
e,16,quad,5,11,12,7
e,17,quad,40,42,43,39
e,18,quad,39,43,1,34
e,19,quad,42,15,16,43
e,20,quad,43,16,21,1
e,21,quad,3,2,44,41
e,22,quad,41,44,42,40
e,23,quad,2,22,14,44
e,24,quad,44,14,15,42
e,25,quad,37,45,46,36
e,26,quad,36,46,35,19
e,27,quad,45,40,39,46
e,28,quad,46,39,34,35
e,29,quad,24,4,47,38
e,30,quad,38,47,45,37
e,31,quad,4,3,41,47
e,32,quad,47,41,40,45
e,33,quad,55,57,58,54
e,34,quad,54,58,51,52
e,35,quad,57,49,50,58
e,36,quad,58,50,25,51
e,37,quad,3,4,59,56
e,38,quad,56,59,57,55
e,39,quad,4,24,48,59
e,40,quad,59,48,49,57
e,41,quad,32,60,61,31
e,42,quad,31,61,53,23
e,43,quad,60,55,54,61
e,44,quad,61,54,52,53
e,45,quad,22,2,62,33
e,46,quad,33,62,60,32
e,47,quad,2,3,56,62
e,48,quad,62,56,55,60
e,49,quad,70,72,73,69
e,50,quad,69,73,66,67
e,51,quad,72,64,65,73
e,52,quad,73,65,18,66
e,53,quad,26,27,74,71
e,54,quad,71,74,72,70
e,55,quad,27,20,63,74
e,56,quad,74,63,64,72
e,57,quad,34,75,76,35
e,58,quad,35,76,68,19
e,59,quad,75,70,69,76
e,60,quad,76,69,67,68
e,61,quad,21,17,77,1
e,62,quad,1,77,75,34
e,63,quad,17,26,71,77
e,64,quad,77,71,70,75
e,65,quad,82,84,85,81
e,66,quad,81,85,78,79
e,67,quad,84,52,51,85
e,68,quad,85,51,25,78
e,69,quad,29,30,86,83
e,70,quad,83,86,84,82
e,71,quad,30,23,53,86
e,72,quad,86,53,52,84
e,73,quad,64,87,88,65
e,74,quad,65,88,80,18
e,75,quad,87,82,81,88
e,76,quad,88,81,79,80
e,77,quad,20,28,89,63
e,78,quad,63,89,87,64
e,79,quad,28,29,83,89
e,80,quad,89,83,82,87
e,81,quad,91,93,94,90
e,82,quad,90,94,68,67
e,83,quad,93,37,36,94
e,84,quad,94,36,19,68
e,85,quad,49,48,95,92
e,86,quad,92,95,93,91
e,87,quad,48,24,38,95
e,88,quad,95,38,37,93
e,89,quad,79,96,97,80
e,90,quad,80,97,66,18
e,91,quad,96,91,90,97
e,92,quad,97,90,67,66
e,93,quad,25,50,98,78
e,94,quad,78,98,96,79
e,95,quad,50,49,92,98
e,96,quad,98,92,91,96