n,         1,  40.0           ,  5.0            ,  5.0            
n,         2,  50.0            ,  5.0            ,  5.0            
n,         3,  40.0           ,  -5.0           ,  5.0            
n,         4,  50.0            ,  -5.0           ,  5.0            
n,         5,  50.0            ,  -5.0           ,  -5.0           
n,         6,  40.0           ,  -5.0           ,  -5.0           
n,         7,  50.0            ,  5.0            ,  -5.0           
n,         8,  40.0           ,  5.0            ,  -5.0         
e,1,quad,7,5,6,8
e,2,quad,8,1,3,6
e,3,quad,7,8,1,2
e,4,quad,4,3,1,2
e,5,quad,5,6,3,4
e,6,quad,7,5,4,2