n,         1,  -5.0           ,  5.0            ,  5.0            
n,         2,  5.0            ,  5.0            ,  5.0            
n,         3,  -5.0           ,  -5.0           ,  5.0            
n,         4,  5.0            ,  -5.0           ,  5.0            
n,         5,  5.0            ,  -5.0           ,  -5.0           
n,         6,  -5.0           ,  -5.0           ,  -5.0           
n,         7,  5.0            ,  5.0            ,  -5.0           
n,         8,  -5.0           ,  5.0            ,  -5.0           
n,         9,  -5.0           ,  -5.0           ,  0.0            
n,        10,  0.0            ,  -5.0           ,  5.0            
n,        11,  5.0            ,  -5.0           ,  0.0            
n,        12,  0.0            ,  -5.0           ,  -5.0           
n,        13,  0.0            ,  -5.0           ,  0.0            
n,        14,  5.0            ,  0.0            ,  5.0            
n,        15,  5.0            ,  5.0            ,  0.0            
n,        16,  5.0            ,  0.0            ,  -5.0           
n,        17,  5.0            ,  0.0            ,  0.0            
n,        18,  0.0            ,  5.0            ,  -5.0           
n,        19,  -5.0           ,  0.0            ,  -5.0           
n,        20,  0.0            ,  0.0            ,  -5.0           
n,        21,  -5.0           ,  0.0            ,  5.0            
n,        22,  0.0            ,  5.0            ,  5.0            
n,        23,  0.0            ,  0.0            ,  5.0            
n,        24,  -5.0           ,  5.0            ,  0.0            
n,        25,  -5.0           ,  0.0            ,  0.0            
n,        26,  0.0            ,  5.0            ,  0.0   
e,1,quad,4,11,13,10
e,2,quad,10,13,9,3
e,3,quad,11,5,12,13
e,4,quad,13,12,6,9
e,5,quad,2,15,17,14
e,6,quad,14,17,11,4
e,7,quad,15,7,16,17
e,8,quad,17,16,5,11
e,9,quad,6,12,20,19
e,10,quad,19,20,18,8
e,11,quad,12,5,16,20
e,12,quad,20,16,7,18
e,13,quad,2,14,23,22
e,14,quad,22,23,21,1
e,15,quad,14,4,10,23
e,16,quad,23,10,3,21
e,17,quad,1,21,25,24
e,18,quad,24,25,19,8
e,19,quad,21,3,9,25
e,20,quad,25,9,6,19
e,21,quad,1,24,26,22
e,22,quad,22,26,15,2
e,23,quad,24,8,18,26
e,24,quad,26,18,7,15