n,1,0.00000,0.00000,0.00000
n,2,10.00000,0.00000,0.00000
n,3,0.00000,10.00000,0.00000
n,4,10.00000,10.00000,0.00000
n,5,0.00000,0.00000,10.00000
n,6,10.00000,0.00000,10.00000
n,7,0.00000,10.00000,10.00000
n,8,10.00000,10.00000,10.00000
n,9,5.00000,10.00000,10.00000
n,10,0.00000,10.00000,5.00000
n,11,10.00000,5.00000,0.00000
n,12,5.00000,0.00000,0.00000
n,13,0.00000,5.00000,0.00000
n,14,10.00000,5.00000,10.00000
n,15,10.00000,0.00000,5.00000
n,16,5.00000,0.00000,10.00000
n,17,0.00000,0.00000,5.00000
n,18,5.00000,0.00000,5.00000
e,1,line,5,7
e,15,line,8,14
e,16,line,14,6
e,17,line,7,9
e,18,line,9,8
e,19,line,3,13
e,20,line,13,1
e,21,line,1,17
e,22,line,17,5
e,23,line,5,16
e,24,line,16,6
e,25,line,7,10
e,26,line,10,3
e,2,tri,9,7,10
e,3,tri,8,3,4
e,7,tri,2,12,11
e,10,tri,6,15,14
e,4,quad,8,9,10,3
e,5,quad,3,4,11,13
e,6,quad,11,12,1,13
e,8,quad,8,14,11,4
e,9,quad,14,15,2,11
e,11,quad,6,16,18,15
e,12,quad,15,18,12,2
e,13,quad,16,5,17,18
e,14,quad,18,17,1,12