n,1,5.00000,0.00000,0.00000
n,2,4.97261,0.00000,0.52264
n,3,4.89074,0.00000,1.03956
n,4,4.75528,0.00000,1.54508
n,5,4.56773,0.00000,2.03368
n,6,4.33013,0.00000,2.50000
n,7,4.04508,0.00000,2.93893
n,8,3.71572,0.00000,3.34565
n,9,3.34565,0.00000,3.71572
n,10,2.93893,0.00000,4.04508
n,11,2.50000,0.00000,4.33013
n,12,2.03368,0.00000,4.56773
n,13,1.54508,0.00000,4.75528
n,14,1.03956,0.00000,4.89074
n,15,0.52264,0.00000,4.97261
n,16,0.00000,0.00000,5.00000
n,17,-0.52264,0.00000,4.97261
n,18,-1.03956,0.00000,4.89074
n,19,-1.54508,0.00000,4.75528
n,20,-2.03368,0.00000,4.56773
n,21,-2.50000,0.00000,4.33013
n,22,-2.93893,0.00000,4.04508
n,23,-3.34565,0.00000,3.71572
n,24,-3.71572,0.00000,3.34565
n,25,-4.04508,0.00000,2.93893
n,26,-4.33013,0.00000,2.50000
n,27,-4.56773,0.00000,2.03368
n,28,-4.75528,0.00000,1.54508
n,29,-4.89074,0.00000,1.03956
n,30,-4.97261,0.00000,0.52264
n,31,-5.00000,0.00000,0.00000
n,32,-4.97261,0.52264,0.00000
n,33,-4.89074,1.03956,0.00000
n,34,-4.75528,1.54508,0.00000
n,35,-4.56773,2.03368,0.00000
n,36,-4.33013,2.50000,0.00000
n,37,-4.04508,2.93893,0.00000
n,38,-3.71572,3.34565,0.00000
n,39,-3.34565,3.71572,0.00000
n,40,-2.93893,4.04508,0.00000
n,41,-2.50000,4.33013,0.00000
n,42,-2.03368,4.56773,0.00000
n,43,-1.54508,4.75528,0.00000
n,44,-1.03956,4.89074,0.00000
n,45,-0.52264,4.97261,0.00000
n,46,0.00000,5.00000,0.00000
n,47,0.52264,4.97261,0.00000
n,48,1.03956,4.89074,0.00000
n,49,1.54508,4.75528,0.00000
n,50,2.03368,4.56773,0.00000
n,51,2.50000,4.33013,0.00000
n,52,2.93893,4.04508,0.00000
n,53,3.34565,3.71572,0.00000
n,54,3.71572,3.34565,0.00000
n,55,4.04508,2.93893,0.00000
n,56,4.33013,2.50000,0.00000
n,57,4.56773,2.03368,0.00000
n,58,4.75528,1.54508,0.00000
n,59,4.89074,1.03956,0.00000
n,60,4.97261,0.52264,0.00000
n,61,-4.94735,0.51006,0.51337
n,62,-4.86946,1.01656,0.50498
n,63,-4.86869,0.49801,1.02363
n,64,-4.79619,0.99253,1.00570
n,65,-4.73932,1.51557,0.49182
n,66,-4.73670,0.48330,1.52645
n,67,-4.67339,1.48255,0.98057
n,68,-4.67065,0.96386,1.50198
n,69,-4.55764,2.00046,0.47553
n,70,-4.55267,0.46617,2.01393
n,71,-4.55806,1.44107,1.46540
n,72,-4.50109,1.95957,0.94882
n,73,-4.49465,0.93043,1.98302
n,74,-4.32575,2.46547,0.45753
n,75,-4.31772,0.44844,2.48116
n,76,-4.39809,1.90813,1.41980
n,77,-4.39406,1.39207,1.93762
n,78,-4.27870,2.42063,0.91284
n,79,-4.26727,0.89512,2.44728
n,80,-4.04392,2.90740,0.44014
n,81,-4.03254,0.43276,2.92426
n,82,-4.24989,1.84619,1.87883
n,83,-4.17988,1.33895,2.39495
n,84,-4.18996,2.36187,1.36593
n,85,-4.00600,2.86024,0.87805
n,86,-3.98896,0.86339,2.88839
n,87,-3.71402,3.31941,0.43307
n,88,-3.69961,0.42742,3.33619
n,89,-4.06065,2.28924,1.80847
n,90,-4.05435,1.77584,2.32565
n,91,-3.93076,2.79592,1.31603
n,92,-3.91411,1.29293,2.82986
n,93,-3.68218,3.27058,0.86306
n,94,-3.65982,0.85188,3.29849
n,95,-3.89044,2.20234,2.23923
n,96,-3.82058,2.71466,1.74176
n,97,-3.80757,1.71267,2.75121
n,98,-3.61767,3.19872,1.29638
n,99,-3.59452,1.27706,3.23241
n,100,-3.33942,3.69473,0.44412
n,101,-3.32070,0.43991,3.71206
n,102,-3.67857,2.61265,2.15458
n,103,-3.67211,2.11831,2.65110
n,104,-3.31007,3.64185,0.88339
n,105,-3.28080,0.87509,3.67023
n,106,-3.52297,3.10604,1.71500
n,107,-3.50317,1.68998,3.14194
n,108,-2.92779,4.02623,0.46637
n,109,-2.90676,0.46316,4.04181
n,110,-3.25048,3.55881,1.33014
n,111,-3.21987,1.31362,3.59261
n,112,-3.50340,2.50324,2.54164
n,113,-3.40298,2.98859,2.11850
n,114,-3.38985,2.08416,3.02741
n,115,-2.89799,3.96770,0.92683
n,116,-2.86483,0.92090,3.99308
n,117,-3.16329,3.44910,1.75991
n,118,-3.13592,1.73835,3.48484
n,119,-3.26866,2.86118,2.47578
n,120,-3.26141,2.43788,2.90172
n,121,-2.48667,4.31004,0.48989
n,122,-2.84193,3.86932,1.39707
n,123,-2.46124,0.48819,4.32481
n,124,-3.13389,2.73382,2.77578
n,125,-3.05231,3.30325,2.18448
n,126,-2.80658,1.38295,3.90007
n,127,-3.03312,2.15097,3.34268
n,128,-2.45635,4.24466,0.97429
n,129,-2.76140,3.73629,1.84791
n,130,-2.92961,3.12996,2.57308
n,131,-2.91827,2.53652,3.17014
n,132,-2.72915,1.82967,3.76883
n,133,-2.41582,0.97142,4.26851
n,134,-2.01671,4.54659,0.51125
n,135,-2.84326,2.88662,2.92972
n,136,-1.99193,0.51040,4.55760
n,137,-2.65740,3.55747,2.29840
n,138,-2.63454,2.26611,3.59499
n,139,-2.40128,4.13264,1.46802
n,140,-2.35682,1.45831,4.16158
n,141,-2.55128,3.33714,2.71192
n,142,-2.53854,2.67677,3.37502
n,143,-1.98583,4.47479,1.01625
n,144,-1.94580,1.01521,4.49257
n,145,-2.32454,3.97868,1.94078
n,146,-2.28220,1.92787,4.00935
n,147,-1.52706,4.73168,0.52852
n,148,-1.50054,0.52784,4.74023
n,149,-1.93406,4.34953,1.53004
n,150,-2.49128,3.04401,3.08667
n,151,-1.88931,1.52310,4.37158
n,152,-2.22750,3.77088,2.41220
n,153,-2.19549,2.38483,3.80689
n,154,-1.49636,4.65382,1.05015
n,155,-1.45264,1.04968,4.66776
n,156,-2.11448,2.81201,3.55268
n,157,-1.86377,4.17682,2.02004
n,158,-2.13237,3.51809,2.84184
n,159,-1.81982,2.01083,4.20057
n,160,-1.01631,4.86562,0.54116
n,161,-0.99282,0.54013,4.87058
n,162,-2.08068,3.19520,3.23442
n,163,-1.44722,4.51844,1.57775
n,164,-1.77640,3.94469,2.50677
n,165,-1.39645,1.57254,4.53619
n,166,-1.74034,2.48363,3.97527
n,167,-0.98516,4.78269,1.07487
n,168,-0.94614,1.07351,4.79087
n,169,-1.69078,3.66598,2.94989
n,170,-1.67229,2.92351,3.69548
n,171,-0.49855,4.94477,0.54840
n,172,-1.38195,4.33094,2.08162
n,173,-0.47514,0.54685,4.94724
n,174,-1.64643,3.32089,3.35574
n,175,-1.33068,2.07498,4.35015
n,176,-0.94077,4.63878,1.61142
n,177,-1.30211,4.08155,2.57788
n,178,-0.89550,1.60620,4.64954
n,179,-0.46853,4.85727,1.08968
n,180,-0.42922,1.08745,4.86140
n,181,-1.25928,2.55963,4.10640
n,182,0.02449,4.96964,0.54964
n,183,0.04533,0.54797,4.96968
n,184,-0.88477,4.43942,2.12338
n,185,-1.22449,3.78273,3.03176
n,186,-1.20167,3.01100,3.80656
n,187,-0.83925,2.11705,4.45126
n,188,-0.43032,4.70720,1.63006
n,189,-1.18360,3.42088,3.44915
n,190,-0.38411,1.62487,4.71299
n,191,4.94707,0.51419,0.51196
n,192,0.54242,4.94045,0.54561
n,193,0.56326,0.54414,4.93828
n,194,-0.81873,4.17659,2.62407
n,195,0.05193,4.87858,1.09395
n,196,-0.77974,2.60968,4.19304
n,197,0.08652,1.09121,4.87871
n,198,-0.75434,3.86304,3.08348
n,199,-0.73370,3.06894,3.87857
n,200,-0.38345,4.49938,2.14674
n,201,-0.33760,2.14133,4.50563
n,202,-0.72050,3.48852,3.50872
n,203,4.86871,0.50565,1.01979
n,204,4.86814,1.02460,0.50142
n,205,1.05392,4.85812,0.53658
n,206,1.07299,0.53520,4.85410
n,207,0.08324,4.72509,1.63296
n,208,0.56329,4.84796,1.08627
n,209,0.12272,1.62847,4.72578
n,210,0.59767,1.08377,4.84440
n,211,-0.32996,4.22837,2.64802
n,212,-0.29260,2.63679,4.23813
n,213,-0.28036,3.90450,3.11067
n,214,-0.25967,3.09933,3.91493
n,215,4.73814,0.49167,1.51931
n,216,1.55186,4.72422,0.52294
n,217,4.73621,1.52658,0.48769
n,218,1.57236,0.52131,4.71762
n,219,0.11822,4.51231,2.15060
n,220,0.15540,2.14625,4.51325
n,221,4.79482,1.00630,0.99851
n,222,0.58491,4.69373,1.62075
n,223,-0.25243,3.52380,3.53824
n,224,1.06769,4.76643,1.06827
n,225,0.62354,1.61781,4.68976
n,226,1.09852,1.06584,4.75996
n,227,4.55635,0.47394,2.00376
n,228,4.55278,2.01258,0.47084
n,229,2.03359,4.53975,0.50513
n,230,2.05368,0.50325,4.53091
n,231,0.15427,4.23833,2.64816
n,232,0.18340,2.64106,4.24160
n,233,4.67131,0.97967,1.48968
n,234,4.66940,1.50089,0.97161
n,235,0.60654,4.48103,2.13366
n,236,1.55570,4.63636,1.04116
n,237,0.64182,2.13174,4.47703
n,238,0.18568,3.91034,3.11043
n,239,1.58820,1.03755,4.62613
n,240,0.20220,3.10353,3.91500
n,241,1.07889,4.61486,1.59345
n,242,4.32481,0.45447,2.46769
n,243,4.31934,2.47756,0.45280
n,244,2.49333,4.30685,0.48414
n,245,1.11226,1.59178,4.60751
n,246,2.51299,0.48176,4.29567
n,247,4.04457,0.43615,2.90710
n,248,4.03692,2.91770,0.43628
n,249,0.20393,3.52879,3.53639
n,250,2.92915,4.02583,0.46127
n,251,2.94569,0.45878,4.01403
n,252,4.49911,0.94535,1.96579
n,253,4.49462,1.97920,0.93873
n,254,3.71754,0.42832,3.31609
n,255,3.70802,3.32657,0.42960
n,256,3.33552,3.69872,0.44019
n,257,3.34882,0.43812,3.68693
n,258,2.02882,4.45782,1.00582
n,259,0.62585,4.20943,2.62470
n,260,4.55632,1.46168,1.45032
n,261,2.06013,1.00120,4.44449
n,262,0.65297,2.62424,4.20559
n,263,1.08555,4.40645,2.09875
n,264,0.64119,3.88491,3.08162
n,265,0.65662,3.08454,3.88001
n,266,1.11461,2.09865,4.39924
n,267,1.55460,4.49088,1.55410
n,268,1.58814,1.55179,4.47993
n,269,4.27788,0.90658,2.42443
n,270,4.27025,2.43915,0.90305
n,271,2.47972,4.23340,0.96402
n,272,0.65222,3.50703,3.50362
n,273,2.51022,0.95973,4.21636
n,274,4.00874,0.86998,2.85887
n,275,3.99732,2.87477,0.87011
n,276,4.39722,1.41218,1.91579
n,277,4.39436,1.92997,1.40172
n,278,2.90888,3.96192,0.91738
n,279,2.93421,0.91388,3.94401
n,280,3.69071,0.85377,3.26339
n,281,3.67619,3.27910,0.85625
n,282,3.33008,0.87250,3.62619
n,283,3.30979,3.64392,0.87586
n,284,2.01588,4.32167,1.50314
n,285,1.08649,4.14224,2.58096
n,286,2.04515,1.50041,4.30884
n,287,1.10787,2.58570,4.13362
n,288,1.54551,4.29164,2.04774
n,289,1.57326,2.04690,4.28195
n,290,1.08442,3.82559,3.03132
n,291,1.09603,3.04000,3.81538
n,292,4.19179,1.35402,2.36548
n,293,4.18499,2.38096,1.34792
n,294,3.93892,1.30039,2.79175
n,295,1.08653,3.45640,3.44568
n,296,3.92776,2.80783,1.29954
n,297,2.45502,4.11048,1.44111
n,298,4.25221,1.86610,1.85375
n,299,3.63472,1.27756,3.18695
n,300,3.62016,3.20286,1.27913
n,301,2.48333,1.43953,4.09400
n,302,1.99133,4.13636,1.98119
n,303,2.01446,1.98019,4.12563
n,304,2.87393,3.85446,1.37248
n,305,2.89652,1.37229,3.83757
n,306,3.28417,1.30865,3.53577
n,307,3.26475,3.55321,1.31002
n,308,1.52837,4.03916,2.51978
n,309,1.54761,2.52605,4.02790
n,310,4.06309,2.30479,1.78305
n,311,4.06769,1.79026,2.29104
n,312,1.51008,3.73515,2.96113
n,313,1.52003,2.97068,3.72351
n,314,3.83720,1.71855,2.70600
n,315,3.82820,2.71889,1.71829
n,316,2.41563,3.94336,1.90122
n,317,1.50405,3.37853,3.36502
n,318,2.43733,1.90127,3.92996
n,319,1.95654,3.90061,2.44074
n,320,1.97200,2.44782,3.88836
n,321,2.82097,3.70986,1.81083
n,322,2.83822,1.81220,3.69601
n,323,3.21414,1.72820,3.41799
n,324,3.19910,3.43197,1.72839
n,325,3.90588,2.21143,2.20310
n,326,3.54000,3.10068,1.68945
n,327,3.55211,1.68740,3.08791
n,328,1.92165,3.61513,2.87020
n,329,1.92962,2.87957,3.60342
n,330,1.90790,3.27519,3.26084
n,331,3.70507,2.11787,2.60520
n,332,3.70008,2.61299,2.11701
n,333,2.36299,3.73062,2.34495
n,334,2.37640,2.35324,3.71685
n,335,3.44564,2.07680,2.96892
n,336,3.43789,2.97822,2.07633
n,337,3.11251,3.28196,2.13096
n,338,2.31681,2.77129,3.45722
n,339,3.12119,2.13644,3.27014
n,340,2.31015,3.47026,2.76053
n,341,2.75081,3.52623,2.23580
n,342,2.76142,2.24445,3.51241
n,343,2.28712,3.15167,3.13624
n,344,3.32650,2.42505,2.83788
n,345,3.32361,2.84359,2.42232
n,346,3.01562,3.10313,2.50533
n,347,3.01926,2.51410,3.09247
n,348,2.67786,3.29987,2.63438
n,349,2.68289,2.64596,3.28649
n,350,3.54302,2.49543,2.49396
n,351,3.20739,2.71551,2.70900
n,352,2.95057,2.86072,2.84787
n,353,2.64069,3.00992,2.99451
n,354,-4.97261,-0.52264,0.00000
n,355,-4.89074,-1.03956,0.00000
n,356,-4.75528,-1.54508,0.00000
n,357,-4.56773,-2.03368,0.00000
n,358,-4.33013,-2.50000,0.00000
n,359,-4.04508,-2.93893,0.00000
n,360,-3.71572,-3.34565,0.00000
n,361,-3.34565,-3.71572,0.00000
n,362,-2.93893,-4.04508,0.00000
n,363,-2.50000,-4.33013,0.00000
n,364,-2.03368,-4.56773,0.00000
n,365,-1.54508,-4.75528,0.00000
n,366,-1.03956,-4.89074,0.00000
n,367,-0.52264,-4.97261,0.00000
n,368,0.00000,-5.00000,0.00000
n,369,0.52264,-4.97261,0.00000
n,370,1.03956,-4.89074,0.00000
n,371,1.54508,-4.75528,0.00000
n,372,2.03368,-4.56773,0.00000
n,373,2.50000,-4.33013,0.00000
n,374,2.93893,-4.04508,0.00000
n,375,3.34565,-3.71572,0.00000
n,376,3.71572,-3.34565,0.00000
n,377,4.04508,-2.93893,0.00000
n,378,4.33013,-2.50000,0.00000
n,379,4.56773,-2.03368,0.00000
n,380,4.75528,-1.54508,0.00000
n,381,4.89074,-1.03956,0.00000
n,382,4.97261,-0.52264,0.00000
n,383,-4.94735,-0.51006,0.51337
n,384,-4.86946,-1.01656,0.50498
n,385,-4.86869,-0.49801,1.02363
n,386,-4.79619,-0.99253,1.00570
n,387,-4.73932,-1.51557,0.49182
n,388,-4.73670,-0.48330,1.52645
n,389,-4.67339,-1.48255,0.98057
n,390,-4.67065,-0.96386,1.50198
n,391,-4.55764,-2.00046,0.47553
n,392,-4.55267,-0.46617,2.01393
n,393,-4.55806,-1.44107,1.46540
n,394,-4.50109,-1.95957,0.94882
n,395,-4.49465,-0.93043,1.98302
n,396,-4.32575,-2.46547,0.45753
n,397,-4.31772,-0.44844,2.48116
n,398,-4.39809,-1.90813,1.41980
n,399,-4.39406,-1.39207,1.93762
n,400,-4.27870,-2.42063,0.91284
n,401,-4.26727,-0.89512,2.44728
n,402,-4.04392,-2.90740,0.44014
n,403,-4.03254,-0.43276,2.92426
n,404,-4.24989,-1.84619,1.87883
n,405,-4.17988,-1.33895,2.39495
n,406,-4.18996,-2.36187,1.36593
n,407,-4.00600,-2.86024,0.87805
n,408,-3.98896,-0.86339,2.88839
n,409,-3.71402,-3.31941,0.43307
n,410,-3.69961,-0.42742,3.33619
n,411,-4.06065,-2.28924,1.80847
n,412,-4.05435,-1.77584,2.32565
n,413,-3.93076,-2.79592,1.31603
n,414,-3.91411,-1.29293,2.82986
n,415,-3.68218,-3.27058,0.86306
n,416,-3.65982,-0.85188,3.29849
n,417,-3.89044,-2.20234,2.23923
n,418,-3.82058,-2.71466,1.74176
n,419,-3.80757,-1.71267,2.75121
n,420,-3.61767,-3.19872,1.29638
n,421,-3.59452,-1.27706,3.23241
n,422,-3.33942,-3.69473,0.44412
n,423,-3.32070,-0.43991,3.71206
n,424,-3.67857,-2.61265,2.15458
n,425,-3.67211,-2.11831,2.65110
n,426,-3.31007,-3.64185,0.88339
n,427,-3.28080,-0.87509,3.67023
n,428,-3.52297,-3.10604,1.71500
n,429,-3.50317,-1.68998,3.14194
n,430,-2.92779,-4.02623,0.46637
n,431,-2.90676,-0.46316,4.04181
n,432,-3.25048,-3.55881,1.33014
n,433,-3.21987,-1.31362,3.59261
n,434,-3.50340,-2.50324,2.54164
n,435,-3.40298,-2.98859,2.11850
n,436,-3.38985,-2.08416,3.02741
n,437,-2.89799,-3.96770,0.92683
n,438,-2.86483,-0.92090,3.99308
n,439,-3.16329,-3.44910,1.75991
n,440,-3.13592,-1.73835,3.48484
n,441,-3.26866,-2.86118,2.47578
n,442,-3.26141,-2.43788,2.90172
n,443,-2.48667,-4.31004,0.48989
n,444,-2.84193,-3.86932,1.39707
n,445,-2.46124,-0.48819,4.32481
n,446,-3.13389,-2.73382,2.77578
n,447,-3.05231,-3.30325,2.18448
n,448,-2.80658,-1.38295,3.90007
n,449,-3.03312,-2.15097,3.34268
n,450,-2.45635,-4.24466,0.97429
n,451,-2.76140,-3.73629,1.84791
n,452,-2.92961,-3.12996,2.57308
n,453,-2.91827,-2.53652,3.17014
n,454,-2.72915,-1.82967,3.76883
n,455,-2.41582,-0.97142,4.26851
n,456,-2.01671,-4.54659,0.51125
n,457,-2.84326,-2.88662,2.92972
n,458,-1.99193,-0.51040,4.55760
n,459,-2.65740,-3.55747,2.29840
n,460,-2.63454,-2.26611,3.59499
n,461,-2.40128,-4.13264,1.46802
n,462,-2.35682,-1.45831,4.16158
n,463,-2.55128,-3.33714,2.71192
n,464,-2.53854,-2.67677,3.37502
n,465,-1.98583,-4.47479,1.01625
n,466,-1.94580,-1.01521,4.49257
n,467,-2.32454,-3.97868,1.94078
n,468,-2.28220,-1.92787,4.00935
n,469,-1.52706,-4.73168,0.52852
n,470,-1.50054,-0.52784,4.74023
n,471,-1.93406,-4.34953,1.53004
n,472,-2.49128,-3.04401,3.08667
n,473,-1.88931,-1.52310,4.37158
n,474,-2.22750,-3.77088,2.41220
n,475,-2.19549,-2.38483,3.80689
n,476,-1.49636,-4.65382,1.05015
n,477,-1.45264,-1.04968,4.66776
n,478,-2.11448,-2.81201,3.55268
n,479,-1.86377,-4.17682,2.02004
n,480,-2.13237,-3.51809,2.84184
n,481,-1.81982,-2.01083,4.20057
n,482,-1.01631,-4.86562,0.54116
n,483,-0.99282,-0.54013,4.87058
n,484,-2.08068,-3.19520,3.23442
n,485,-1.44722,-4.51844,1.57775
n,486,-1.77640,-3.94469,2.50677
n,487,-1.39645,-1.57254,4.53619
n,488,-1.74034,-2.48363,3.97527
n,489,-0.98516,-4.78269,1.07487
n,490,-0.94614,-1.07351,4.79087
n,491,-1.69078,-3.66598,2.94989
n,492,-1.67229,-2.92351,3.69548
n,493,-0.49855,-4.94477,0.54840
n,494,-1.38195,-4.33094,2.08162
n,495,-0.47514,-0.54685,4.94724
n,496,-1.64643,-3.32089,3.35574
n,497,-1.33068,-2.07498,4.35015
n,498,-0.94077,-4.63878,1.61142
n,499,-1.30211,-4.08155,2.57788
n,500,-0.89550,-1.60620,4.64954
n,501,-0.46853,-4.85727,1.08968
n,502,-0.42922,-1.08745,4.86140
n,503,-1.25928,-2.55963,4.10640
n,504,0.02449,-4.96964,0.54964
n,505,0.04533,-0.54797,4.96968
n,506,-0.88477,-4.43942,2.12338
n,507,-1.22449,-3.78273,3.03176
n,508,-1.20167,-3.01100,3.80656
n,509,-0.83925,-2.11705,4.45126
n,510,-0.43032,-4.70720,1.63006
n,511,-1.18360,-3.42088,3.44915
n,512,-0.38411,-1.62487,4.71299
n,513,4.94707,-0.51419,0.51196
n,514,0.54242,-4.94045,0.54561
n,515,0.56326,-0.54414,4.93828
n,516,-0.81873,-4.17659,2.62407
n,517,0.05193,-4.87858,1.09395
n,518,-0.77974,-2.60968,4.19304
n,519,0.08652,-1.09121,4.87871
n,520,-0.75434,-3.86304,3.08348
n,521,-0.73370,-3.06894,3.87857
n,522,-0.38345,-4.49938,2.14674
n,523,-0.33760,-2.14133,4.50563
n,524,-0.72050,-3.48852,3.50872
n,525,4.86871,-0.50565,1.01979
n,526,4.86814,-1.02460,0.50142
n,527,1.05392,-4.85812,0.53658
n,528,1.07299,-0.53520,4.85410
n,529,0.08324,-4.72509,1.63296
n,530,0.56329,-4.84796,1.08627
n,531,0.12272,-1.62847,4.72578
n,532,0.59767,-1.08377,4.84440
n,533,-0.32996,-4.22837,2.64802
n,534,-0.29260,-2.63679,4.23813
n,535,-0.28036,-3.90450,3.11067
n,536,-0.25967,-3.09933,3.91493
n,537,4.73814,-0.49167,1.51931
n,538,1.55186,-4.72422,0.52294
n,539,4.73621,-1.52658,0.48769
n,540,1.57236,-0.52131,4.71762
n,541,0.11822,-4.51231,2.15060
n,542,0.15540,-2.14625,4.51325
n,543,4.79482,-1.00630,0.99851
n,544,0.58491,-4.69373,1.62075
n,545,-0.25243,-3.52380,3.53824
n,546,1.06769,-4.76643,1.06827
n,547,0.62354,-1.61781,4.68976
n,548,1.09852,-1.06584,4.75996
n,549,4.55635,-0.47394,2.00376
n,550,4.55278,-2.01258,0.47084
n,551,2.03359,-4.53975,0.50513
n,552,2.05368,-0.50325,4.53091
n,553,0.15427,-4.23833,2.64816
n,554,0.18340,-2.64106,4.24160
n,555,4.67131,-0.97967,1.48968
n,556,4.66940,-1.50089,0.97161
n,557,0.60654,-4.48103,2.13366
n,558,1.55570,-4.63636,1.04116
n,559,0.64182,-2.13174,4.47703
n,560,0.18568,-3.91034,3.11043
n,561,1.58820,-1.03755,4.62613
n,562,0.20220,-3.10353,3.91500
n,563,1.07889,-4.61486,1.59345
n,564,4.32481,-0.45447,2.46769
n,565,4.31934,-2.47756,0.45280
n,566,2.49333,-4.30685,0.48414
n,567,1.11226,-1.59178,4.60751
n,568,2.51299,-0.48176,4.29567
n,569,4.04457,-0.43615,2.90710
n,570,4.03692,-2.91770,0.43628
n,571,0.20393,-3.52879,3.53639
n,572,2.92915,-4.02583,0.46127
n,573,2.94569,-0.45878,4.01403
n,574,4.49911,-0.94535,1.96579
n,575,4.49462,-1.97920,0.93873
n,576,3.71754,-0.42832,3.31609
n,577,3.70802,-3.32657,0.42960
n,578,3.33552,-3.69872,0.44019
n,579,3.34882,-0.43812,3.68693
n,580,2.02882,-4.45782,1.00582
n,581,0.62585,-4.20943,2.62470
n,582,4.55632,-1.46168,1.45032
n,583,2.06013,-1.00120,4.44449
n,584,0.65297,-2.62424,4.20559
n,585,1.08555,-4.40645,2.09875
n,586,0.64119,-3.88491,3.08162
n,587,0.65662,-3.08454,3.88001
n,588,1.11461,-2.09865,4.39924
n,589,1.55460,-4.49088,1.55410
n,590,1.58814,-1.55179,4.47993
n,591,4.27788,-0.90658,2.42443
n,592,4.27025,-2.43915,0.90305
n,593,2.47972,-4.23340,0.96402
n,594,0.65222,-3.50703,3.50362
n,595,2.51022,-0.95973,4.21636
n,596,4.00874,-0.86998,2.85887
n,597,3.99732,-2.87477,0.87011
n,598,4.39722,-1.41218,1.91579
n,599,4.39436,-1.92997,1.40172
n,600,2.90888,-3.96192,0.91738
n,601,2.93421,-0.91388,3.94401
n,602,3.69071,-0.85377,3.26339
n,603,3.67619,-3.27910,0.85625
n,604,3.33008,-0.87250,3.62619
n,605,3.30979,-3.64392,0.87586
n,606,2.01588,-4.32167,1.50314
n,607,1.08649,-4.14224,2.58096
n,608,2.04515,-1.50041,4.30884
n,609,1.10787,-2.58570,4.13362
n,610,1.54551,-4.29164,2.04774
n,611,1.57326,-2.04690,4.28195
n,612,1.08442,-3.82559,3.03132
n,613,1.09603,-3.04000,3.81538
n,614,4.19179,-1.35402,2.36548
n,615,4.18499,-2.38096,1.34792
n,616,3.93892,-1.30039,2.79175
n,617,1.08653,-3.45640,3.44568
n,618,3.92776,-2.80783,1.29954
n,619,2.45502,-4.11048,1.44111
n,620,4.25221,-1.86610,1.85375
n,621,3.63472,-1.27756,3.18695
n,622,3.62016,-3.20286,1.27913
n,623,2.48333,-1.43953,4.09400
n,624,1.99133,-4.13636,1.98119
n,625,2.01446,-1.98019,4.12563
n,626,2.87393,-3.85446,1.37248
n,627,2.89652,-1.37229,3.83757
n,628,3.28417,-1.30865,3.53577
n,629,3.26475,-3.55321,1.31002
n,630,1.52837,-4.03916,2.51978
n,631,1.54761,-2.52605,4.02790
n,632,4.06309,-2.30479,1.78305
n,633,4.06769,-1.79026,2.29104
n,634,1.51008,-3.73515,2.96113
n,635,1.52003,-2.97068,3.72351
n,636,3.83720,-1.71855,2.70600
n,637,3.82820,-2.71889,1.71829
n,638,2.41563,-3.94336,1.90122
n,639,1.50405,-3.37853,3.36502
n,640,2.43733,-1.90127,3.92996
n,641,1.95654,-3.90061,2.44074
n,642,1.97200,-2.44782,3.88836
n,643,2.82097,-3.70986,1.81083
n,644,2.83822,-1.81220,3.69601
n,645,3.21414,-1.72820,3.41799
n,646,3.19910,-3.43197,1.72839
n,647,3.90588,-2.21143,2.20310
n,648,3.54000,-3.10068,1.68945
n,649,3.55211,-1.68740,3.08791
n,650,1.92165,-3.61513,2.87020
n,651,1.92962,-2.87957,3.60342
n,652,1.90790,-3.27519,3.26084
n,653,3.70507,-2.11787,2.60520
n,654,3.70008,-2.61299,2.11701
n,655,2.36299,-3.73062,2.34495
n,656,2.37640,-2.35324,3.71685
n,657,3.44564,-2.07680,2.96892
n,658,3.43789,-2.97822,2.07633
n,659,3.11251,-3.28196,2.13096
n,660,2.31681,-2.77129,3.45722
n,661,3.12119,-2.13644,3.27014
n,662,2.31015,-3.47026,2.76053
n,663,2.75081,-3.52623,2.23580
n,664,2.76142,-2.24445,3.51241
n,665,2.28712,-3.15167,3.13624
n,666,3.32650,-2.42505,2.83788
n,667,3.32361,-2.84359,2.42232
n,668,3.01562,-3.10313,2.50533
n,669,3.01926,-2.51410,3.09247
n,670,2.67786,-3.29987,2.63438
n,671,2.68289,-2.64596,3.28649
n,672,3.54302,-2.49543,2.49396
n,673,3.20739,-2.71551,2.70900
n,674,2.95057,-2.86072,2.84787
n,675,2.64069,-3.00992,2.99451
n,676,4.97261,0.00000,-0.52264
n,677,4.89074,0.00000,-1.03956
n,678,4.75528,0.00000,-1.54508
n,679,4.56773,0.00000,-2.03368
n,680,4.33013,0.00000,-2.50000
n,681,4.04508,0.00000,-2.93893
n,682,3.71572,0.00000,-3.34565
n,683,3.34565,0.00000,-3.71572
n,684,2.93893,0.00000,-4.04508
n,685,2.50000,0.00000,-4.33013
n,686,2.03368,0.00000,-4.56773
n,687,1.54508,0.00000,-4.75528
n,688,1.03956,0.00000,-4.89074
n,689,0.52264,0.00000,-4.97261
n,690,0.00000,0.00000,-5.00000
n,691,-0.52264,0.00000,-4.97261
n,692,-1.03956,0.00000,-4.89074
n,693,-1.54508,0.00000,-4.75528
n,694,-2.03368,0.00000,-4.56773
n,695,-2.50000,0.00000,-4.33013
n,696,-2.93893,0.00000,-4.04508
n,697,-3.34565,0.00000,-3.71572
n,698,-3.71572,0.00000,-3.34565
n,699,-4.04508,0.00000,-2.93893
n,700,-4.33013,0.00000,-2.50000
n,701,-4.56773,0.00000,-2.03368
n,702,-4.75528,0.00000,-1.54508
n,703,-4.89074,0.00000,-1.03956
n,704,-4.97261,0.00000,-0.52264
n,705,-4.94735,0.51006,-0.51337
n,706,-4.86946,1.01656,-0.50498
n,707,-4.86869,0.49801,-1.02363
n,708,-4.79619,0.99253,-1.00570
n,709,-4.73932,1.51557,-0.49182
n,710,-4.73670,0.48330,-1.52645
n,711,-4.67339,1.48255,-0.98057
n,712,-4.67065,0.96386,-1.50198
n,713,-4.55764,2.00046,-0.47553
n,714,-4.55267,0.46617,-2.01393
n,715,-4.55806,1.44107,-1.46540
n,716,-4.50109,1.95957,-0.94882
n,717,-4.49465,0.93043,-1.98302
n,718,-4.32575,2.46547,-0.45753
n,719,-4.31772,0.44844,-2.48116
n,720,-4.39809,1.90813,-1.41980
n,721,-4.39406,1.39207,-1.93762
n,722,-4.27870,2.42063,-0.91284
n,723,-4.26727,0.89512,-2.44728
n,724,-4.04392,2.90740,-0.44014
n,725,-4.03254,0.43276,-2.92426
n,726,-4.24989,1.84619,-1.87883
n,727,-4.17988,1.33895,-2.39495
n,728,-4.18996,2.36187,-1.36593
n,729,-4.00600,2.86024,-0.87805
n,730,-3.98896,0.86339,-2.88839
n,731,-3.71402,3.31941,-0.43307
n,732,-3.69961,0.42742,-3.33619
n,733,-4.06065,2.28924,-1.80847
n,734,-4.05435,1.77584,-2.32565
n,735,-3.93076,2.79592,-1.31603
n,736,-3.91411,1.29293,-2.82986
n,737,-3.68218,3.27058,-0.86306
n,738,-3.65982,0.85188,-3.29849
n,739,-3.89044,2.20234,-2.23923
n,740,-3.82058,2.71466,-1.74176
n,741,-3.80757,1.71267,-2.75121
n,742,-3.61767,3.19872,-1.29638
n,743,-3.59452,1.27706,-3.23241
n,744,-3.33942,3.69473,-0.44412
n,745,-3.32070,0.43991,-3.71206
n,746,-3.67857,2.61265,-2.15458
n,747,-3.67211,2.11831,-2.65110
n,748,-3.31007,3.64185,-0.88339
n,749,-3.28080,0.87509,-3.67023
n,750,-3.52297,3.10604,-1.71500
n,751,-3.50317,1.68998,-3.14194
n,752,-2.92779,4.02623,-0.46637
n,753,-2.90676,0.46316,-4.04181
n,754,-3.25048,3.55881,-1.33014
n,755,-3.21987,1.31362,-3.59261
n,756,-3.50340,2.50324,-2.54164
n,757,-3.40298,2.98859,-2.11850
n,758,-3.38985,2.08416,-3.02741
n,759,-2.89799,3.96770,-0.92683
n,760,-2.86483,0.92090,-3.99308
n,761,-3.16329,3.44910,-1.75991
n,762,-3.13592,1.73835,-3.48484
n,763,-3.26866,2.86118,-2.47578
n,764,-3.26141,2.43788,-2.90172
n,765,-2.48667,4.31004,-0.48989
n,766,-2.84193,3.86932,-1.39707
n,767,-2.46124,0.48819,-4.32481
n,768,-3.13389,2.73382,-2.77578
n,769,-3.05231,3.30325,-2.18448
n,770,-2.80658,1.38295,-3.90007
n,771,-3.03312,2.15097,-3.34268
n,772,-2.45635,4.24466,-0.97429
n,773,-2.76140,3.73629,-1.84791
n,774,-2.92961,3.12996,-2.57308
n,775,-2.91827,2.53652,-3.17014
n,776,-2.72915,1.82967,-3.76883
n,777,-2.41582,0.97142,-4.26851
n,778,-2.01671,4.54659,-0.51125
n,779,-2.84326,2.88662,-2.92972
n,780,-1.99193,0.51040,-4.55760
n,781,-2.65740,3.55747,-2.29840
n,782,-2.63454,2.26611,-3.59499
n,783,-2.40128,4.13264,-1.46802
n,784,-2.35682,1.45831,-4.16158
n,785,-2.55128,3.33714,-2.71192
n,786,-2.53854,2.67677,-3.37502
n,787,-1.98583,4.47479,-1.01625
n,788,-1.94580,1.01521,-4.49257
n,789,-2.32454,3.97868,-1.94078
n,790,-2.28220,1.92787,-4.00935
n,791,-1.52706,4.73168,-0.52852
n,792,-1.50054,0.52784,-4.74023
n,793,-1.93406,4.34953,-1.53004
n,794,-2.49128,3.04401,-3.08667
n,795,-1.88931,1.52310,-4.37158
n,796,-2.22750,3.77088,-2.41220
n,797,-2.19549,2.38483,-3.80689
n,798,-1.49636,4.65382,-1.05015
n,799,-1.45264,1.04968,-4.66776
n,800,-2.11448,2.81201,-3.55268
n,801,-1.86377,4.17682,-2.02004
n,802,-2.13237,3.51809,-2.84184
n,803,-1.81982,2.01083,-4.20057
n,804,-1.01631,4.86562,-0.54116
n,805,-0.99282,0.54013,-4.87058
n,806,-2.08068,3.19520,-3.23442
n,807,-1.44722,4.51844,-1.57775
n,808,-1.77640,3.94469,-2.50677
n,809,-1.39645,1.57254,-4.53619
n,810,-1.74034,2.48363,-3.97527
n,811,-0.98516,4.78269,-1.07487
n,812,-0.94614,1.07351,-4.79087
n,813,-1.69078,3.66598,-2.94989
n,814,-1.67229,2.92351,-3.69548
n,815,-0.49855,4.94477,-0.54840
n,816,-1.38195,4.33094,-2.08162
n,817,-0.47514,0.54685,-4.94724
n,818,-1.64643,3.32089,-3.35574
n,819,-1.33068,2.07498,-4.35015
n,820,-0.94077,4.63878,-1.61142
n,821,-1.30211,4.08155,-2.57788
n,822,-0.89550,1.60620,-4.64954
n,823,-0.46853,4.85727,-1.08968
n,824,-0.42922,1.08745,-4.86140
n,825,-1.25928,2.55963,-4.10640
n,826,0.02449,4.96964,-0.54964
n,827,0.04533,0.54797,-4.96968
n,828,-0.88477,4.43942,-2.12338
n,829,-1.22449,3.78273,-3.03176
n,830,-1.20167,3.01100,-3.80656
n,831,-0.83925,2.11705,-4.45126
n,832,-0.43032,4.70720,-1.63006
n,833,-1.18360,3.42088,-3.44915
n,834,-0.38411,1.62487,-4.71299
n,835,4.94707,0.51419,-0.51196
n,836,0.54242,4.94045,-0.54561
n,837,0.56326,0.54414,-4.93828
n,838,-0.81873,4.17659,-2.62407
n,839,0.05193,4.87858,-1.09395
n,840,-0.77974,2.60968,-4.19304
n,841,0.08652,1.09121,-4.87871
n,842,-0.75434,3.86304,-3.08348
n,843,-0.73370,3.06894,-3.87857
n,844,-0.38345,4.49938,-2.14674
n,845,-0.33760,2.14133,-4.50563
n,846,-0.72050,3.48852,-3.50872
n,847,4.86871,0.50565,-1.01979
n,848,4.86814,1.02460,-0.50142
n,849,1.05392,4.85812,-0.53658
n,850,1.07299,0.53520,-4.85410
n,851,0.08324,4.72509,-1.63296
n,852,0.56329,4.84796,-1.08627
n,853,0.12272,1.62847,-4.72578
n,854,0.59767,1.08377,-4.84440
n,855,-0.32996,4.22837,-2.64802
n,856,-0.29260,2.63679,-4.23813
n,857,-0.28036,3.90450,-3.11067
n,858,-0.25967,3.09933,-3.91493
n,859,4.73814,0.49167,-1.51931
n,860,1.55186,4.72422,-0.52294
n,861,4.73621,1.52658,-0.48769
n,862,1.57236,0.52131,-4.71762
n,863,0.11822,4.51231,-2.15060
n,864,0.15540,2.14625,-4.51325
n,865,4.79482,1.00630,-0.99851
n,866,0.58491,4.69373,-1.62075
n,867,-0.25243,3.52380,-3.53824
n,868,1.06769,4.76643,-1.06827
n,869,0.62354,1.61781,-4.68976
n,870,1.09852,1.06584,-4.75996
n,871,4.55635,0.47394,-2.00376
n,872,4.55278,2.01258,-0.47084
n,873,2.03359,4.53975,-0.50513
n,874,2.05368,0.50325,-4.53091
n,875,0.15427,4.23833,-2.64816
n,876,0.18340,2.64106,-4.24160
n,877,4.67131,0.97967,-1.48968
n,878,4.66940,1.50089,-0.97161
n,879,0.60654,4.48103,-2.13366
n,880,1.55570,4.63636,-1.04116
n,881,0.64182,2.13174,-4.47703
n,882,0.18568,3.91034,-3.11043
n,883,1.58820,1.03755,-4.62613
n,884,0.20220,3.10353,-3.91500
n,885,1.07889,4.61486,-1.59345
n,886,4.32481,0.45447,-2.46769
n,887,4.31934,2.47756,-0.45280
n,888,2.49333,4.30685,-0.48414
n,889,1.11226,1.59178,-4.60751
n,890,2.51299,0.48176,-4.29567
n,891,4.04457,0.43615,-2.90710
n,892,4.03692,2.91770,-0.43628
n,893,0.20393,3.52879,-3.53639
n,894,2.92915,4.02583,-0.46127
n,895,2.94569,0.45878,-4.01403
n,896,4.49911,0.94535,-1.96579
n,897,4.49462,1.97920,-0.93873
n,898,3.71754,0.42832,-3.31609
n,899,3.70802,3.32657,-0.42960
n,900,3.33552,3.69872,-0.44019
n,901,3.34882,0.43812,-3.68693
n,902,2.02882,4.45782,-1.00582
n,903,0.62585,4.20943,-2.62470
n,904,4.55632,1.46168,-1.45032
n,905,2.06013,1.00120,-4.44449
n,906,0.65297,2.62424,-4.20559
n,907,1.08555,4.40645,-2.09875
n,908,0.64119,3.88491,-3.08162
n,909,0.65662,3.08454,-3.88001
n,910,1.11461,2.09865,-4.39924
n,911,1.55460,4.49088,-1.55410
n,912,1.58814,1.55179,-4.47993
n,913,4.27788,0.90658,-2.42443
n,914,4.27025,2.43915,-0.90305
n,915,2.47972,4.23340,-0.96402
n,916,0.65222,3.50703,-3.50362
n,917,2.51022,0.95973,-4.21636
n,918,4.00874,0.86998,-2.85887
n,919,3.99732,2.87477,-0.87011
n,920,4.39722,1.41218,-1.91579
n,921,4.39436,1.92997,-1.40172
n,922,2.90888,3.96192,-0.91738
n,923,2.93421,0.91388,-3.94401
n,924,3.69071,0.85377,-3.26339
n,925,3.67619,3.27910,-0.85625
n,926,3.33008,0.87250,-3.62619
n,927,3.30979,3.64392,-0.87586
n,928,2.01588,4.32167,-1.50314
n,929,1.08649,4.14224,-2.58096
n,930,2.04515,1.50041,-4.30884
n,931,1.10787,2.58570,-4.13362
n,932,1.54551,4.29164,-2.04774
n,933,1.57326,2.04690,-4.28195
n,934,1.08442,3.82559,-3.03132
n,935,1.09603,3.04000,-3.81538
n,936,4.19179,1.35402,-2.36548
n,937,4.18499,2.38096,-1.34792
n,938,3.93892,1.30039,-2.79175
n,939,1.08653,3.45640,-3.44568
n,940,3.92776,2.80783,-1.29954
n,941,2.45502,4.11048,-1.44111
n,942,4.25221,1.86610,-1.85375
n,943,3.63472,1.27756,-3.18695
n,944,3.62016,3.20286,-1.27913
n,945,2.48333,1.43953,-4.09400
n,946,1.99133,4.13636,-1.98119
n,947,2.01446,1.98019,-4.12563
n,948,2.87393,3.85446,-1.37248
n,949,2.89652,1.37229,-3.83757
n,950,3.28417,1.30865,-3.53577
n,951,3.26475,3.55321,-1.31002
n,952,1.52837,4.03916,-2.51978
n,953,1.54761,2.52605,-4.02790
n,954,4.06309,2.30479,-1.78305
n,955,4.06769,1.79026,-2.29104
n,956,1.51008,3.73515,-2.96113
n,957,1.52003,2.97068,-3.72351
n,958,3.83720,1.71855,-2.70600
n,959,3.82820,2.71889,-1.71829
n,960,2.41563,3.94336,-1.90122
n,961,1.50405,3.37853,-3.36502
n,962,2.43733,1.90127,-3.92996
n,963,1.95654,3.90061,-2.44074
n,964,1.97200,2.44782,-3.88836
n,965,2.82097,3.70986,-1.81083
n,966,2.83822,1.81220,-3.69601
n,967,3.21414,1.72820,-3.41799
n,968,3.19910,3.43197,-1.72839
n,969,3.90588,2.21143,-2.20310
n,970,3.54000,3.10068,-1.68945
n,971,3.55211,1.68740,-3.08791
n,972,1.92165,3.61513,-2.87020
n,973,1.92962,2.87957,-3.60342
n,974,1.90790,3.27519,-3.26084
n,975,3.70507,2.11787,-2.60520
n,976,3.70008,2.61299,-2.11701
n,977,2.36299,3.73062,-2.34495
n,978,2.37640,2.35324,-3.71685
n,979,3.44564,2.07680,-2.96892
n,980,3.43789,2.97822,-2.07633
n,981,3.11251,3.28196,-2.13096
n,982,2.31681,2.77129,-3.45722
n,983,3.12119,2.13644,-3.27014
n,984,2.31015,3.47026,-2.76053
n,985,2.75081,3.52623,-2.23580
n,986,2.76142,2.24445,-3.51241
n,987,2.28712,3.15167,-3.13624
n,988,3.32650,2.42505,-2.83788
n,989,3.32361,2.84359,-2.42232
n,990,3.01562,3.10313,-2.50533
n,991,3.01926,2.51410,-3.09247
n,992,2.67786,3.29987,-2.63438
n,993,2.68289,2.64596,-3.28649
n,994,3.54302,2.49543,-2.49396
n,995,3.20739,2.71551,-2.70900
n,996,2.95057,2.86072,-2.84787
n,997,2.64069,3.00992,-2.99451
n,998,-4.94735,-0.51006,-0.51337
n,999,-4.86946,-1.01656,-0.50498
n,1000,-4.86869,-0.49801,-1.02363
n,1001,-4.79619,-0.99253,-1.00570
n,1002,-4.73932,-1.51557,-0.49182
n,1003,-4.73670,-0.48330,-1.52645
n,1004,-4.67339,-1.48255,-0.98057
n,1005,-4.67065,-0.96386,-1.50198
n,1006,-4.55764,-2.00046,-0.47553
n,1007,-4.55267,-0.46617,-2.01393
n,1008,-4.55806,-1.44107,-1.46540
n,1009,-4.50109,-1.95957,-0.94882
n,1010,-4.49465,-0.93043,-1.98302
n,1011,-4.32575,-2.46547,-0.45753
n,1012,-4.31772,-0.44844,-2.48116
n,1013,-4.39809,-1.90813,-1.41980
n,1014,-4.39406,-1.39207,-1.93762
n,1015,-4.27870,-2.42063,-0.91284
n,1016,-4.26727,-0.89512,-2.44728
n,1017,-4.04392,-2.90740,-0.44014
n,1018,-4.03254,-0.43276,-2.92426
n,1019,-4.24989,-1.84619,-1.87883
n,1020,-4.17988,-1.33895,-2.39495
n,1021,-4.18996,-2.36187,-1.36593
n,1022,-4.00600,-2.86024,-0.87805
n,1023,-3.98896,-0.86339,-2.88839
n,1024,-3.71402,-3.31941,-0.43307
n,1025,-3.69961,-0.42742,-3.33619
n,1026,-4.06065,-2.28924,-1.80847
n,1027,-4.05435,-1.77584,-2.32565
n,1028,-3.93076,-2.79592,-1.31603
n,1029,-3.91411,-1.29293,-2.82986
n,1030,-3.68218,-3.27058,-0.86306
n,1031,-3.65982,-0.85188,-3.29849
n,1032,-3.89044,-2.20234,-2.23923
n,1033,-3.82058,-2.71466,-1.74176
n,1034,-3.80757,-1.71267,-2.75121
n,1035,-3.61767,-3.19872,-1.29638
n,1036,-3.59452,-1.27706,-3.23241
n,1037,-3.33942,-3.69473,-0.44412
n,1038,-3.32070,-0.43991,-3.71206
n,1039,-3.67857,-2.61265,-2.15458
n,1040,-3.67211,-2.11831,-2.65110
n,1041,-3.31007,-3.64185,-0.88339
n,1042,-3.28080,-0.87509,-3.67023
n,1043,-3.52297,-3.10604,-1.71500
n,1044,-3.50317,-1.68998,-3.14194
n,1045,-2.92779,-4.02623,-0.46637
n,1046,-2.90676,-0.46316,-4.04181
n,1047,-3.25048,-3.55881,-1.33014
n,1048,-3.21987,-1.31362,-3.59261
n,1049,-3.50340,-2.50324,-2.54164
n,1050,-3.40298,-2.98859,-2.11850
n,1051,-3.38985,-2.08416,-3.02741
n,1052,-2.89799,-3.96770,-0.92683
n,1053,-2.86483,-0.92090,-3.99308
n,1054,-3.16329,-3.44910,-1.75991
n,1055,-3.13592,-1.73835,-3.48484
n,1056,-3.26866,-2.86118,-2.47578
n,1057,-3.26141,-2.43788,-2.90172
n,1058,-2.48667,-4.31004,-0.48989
n,1059,-2.84193,-3.86932,-1.39707
n,1060,-2.46124,-0.48819,-4.32481
n,1061,-3.13389,-2.73382,-2.77578
n,1062,-3.05231,-3.30325,-2.18448
n,1063,-2.80658,-1.38295,-3.90007
n,1064,-3.03312,-2.15097,-3.34268
n,1065,-2.45635,-4.24466,-0.97429
n,1066,-2.76140,-3.73629,-1.84791
n,1067,-2.92961,-3.12996,-2.57308
n,1068,-2.91827,-2.53652,-3.17014
n,1069,-2.72915,-1.82967,-3.76883
n,1070,-2.41582,-0.97142,-4.26851
n,1071,-2.01671,-4.54659,-0.51125
n,1072,-2.84326,-2.88662,-2.92972
n,1073,-1.99193,-0.51040,-4.55760
n,1074,-2.65740,-3.55747,-2.29840
n,1075,-2.63454,-2.26611,-3.59499
n,1076,-2.40128,-4.13264,-1.46802
n,1077,-2.35682,-1.45831,-4.16158
n,1078,-2.55128,-3.33714,-2.71192
n,1079,-2.53854,-2.67677,-3.37502
n,1080,-1.98583,-4.47479,-1.01625
n,1081,-1.94580,-1.01521,-4.49257
n,1082,-2.32454,-3.97868,-1.94078
n,1083,-2.28220,-1.92787,-4.00935
n,1084,-1.52706,-4.73168,-0.52852
n,1085,-1.50054,-0.52784,-4.74023
n,1086,-1.93406,-4.34953,-1.53004
n,1087,-2.49128,-3.04401,-3.08667
n,1088,-1.88931,-1.52310,-4.37158
n,1089,-2.22750,-3.77088,-2.41220
n,1090,-2.19549,-2.38483,-3.80689
n,1091,-1.49636,-4.65382,-1.05015
n,1092,-1.45264,-1.04968,-4.66776
n,1093,-2.11448,-2.81201,-3.55268
n,1094,-1.86377,-4.17682,-2.02004
n,1095,-2.13237,-3.51809,-2.84184
n,1096,-1.81982,-2.01083,-4.20057
n,1097,-1.01631,-4.86562,-0.54116
n,1098,-0.99282,-0.54013,-4.87058
n,1099,-2.08068,-3.19520,-3.23442
n,1100,-1.44722,-4.51844,-1.57775
n,1101,-1.77640,-3.94469,-2.50677
n,1102,-1.39645,-1.57254,-4.53619
n,1103,-1.74034,-2.48363,-3.97527
n,1104,-0.98516,-4.78269,-1.07487
n,1105,-0.94614,-1.07351,-4.79087
n,1106,-1.69078,-3.66598,-2.94989
n,1107,-1.67229,-2.92351,-3.69548
n,1108,-0.49855,-4.94477,-0.54840
n,1109,-1.38195,-4.33094,-2.08162
n,1110,-0.47514,-0.54685,-4.94724
n,1111,-1.64643,-3.32089,-3.35574
n,1112,-1.33068,-2.07498,-4.35015
n,1113,-0.94077,-4.63878,-1.61142
n,1114,-1.30211,-4.08155,-2.57788
n,1115,-0.89550,-1.60620,-4.64954
n,1116,-0.46853,-4.85727,-1.08968
n,1117,-0.42922,-1.08745,-4.86140
n,1118,-1.25928,-2.55963,-4.10640
n,1119,0.02449,-4.96964,-0.54964
n,1120,0.04533,-0.54797,-4.96968
n,1121,-0.88477,-4.43942,-2.12338
n,1122,-1.22449,-3.78273,-3.03176
n,1123,-1.20167,-3.01100,-3.80656
n,1124,-0.83925,-2.11705,-4.45126
n,1125,-0.43032,-4.70720,-1.63006
n,1126,-1.18360,-3.42088,-3.44915
n,1127,-0.38411,-1.62487,-4.71299
n,1128,4.94707,-0.51419,-0.51196
n,1129,0.54242,-4.94045,-0.54561
n,1130,0.56326,-0.54414,-4.93828
n,1131,-0.81873,-4.17659,-2.62407
n,1132,0.05193,-4.87858,-1.09395
n,1133,-0.77974,-2.60968,-4.19304
n,1134,0.08652,-1.09121,-4.87871
n,1135,-0.75434,-3.86304,-3.08348
n,1136,-0.73370,-3.06894,-3.87857
n,1137,-0.38345,-4.49938,-2.14674
n,1138,-0.33760,-2.14133,-4.50563
n,1139,-0.72050,-3.48852,-3.50872
n,1140,4.86871,-0.50565,-1.01979
n,1141,4.86814,-1.02460,-0.50142
n,1142,1.05392,-4.85812,-0.53658
n,1143,1.07299,-0.53520,-4.85410
n,1144,0.08324,-4.72509,-1.63296
n,1145,0.56329,-4.84796,-1.08627
n,1146,0.12272,-1.62847,-4.72578
n,1147,0.59767,-1.08377,-4.84440
n,1148,-0.32996,-4.22837,-2.64802
n,1149,-0.29260,-2.63679,-4.23813
n,1150,-0.28036,-3.90450,-3.11067
n,1151,-0.25967,-3.09933,-3.91493
n,1152,4.73814,-0.49167,-1.51931
n,1153,1.55186,-4.72422,-0.52294
n,1154,4.73621,-1.52658,-0.48769
n,1155,1.57236,-0.52131,-4.71762
n,1156,0.11822,-4.51231,-2.15060
n,1157,0.15540,-2.14625,-4.51325
n,1158,4.79482,-1.00630,-0.99851
n,1159,0.58491,-4.69373,-1.62075
n,1160,-0.25243,-3.52380,-3.53824
n,1161,1.06769,-4.76643,-1.06827
n,1162,0.62354,-1.61781,-4.68976
n,1163,1.09852,-1.06584,-4.75996
n,1164,4.55635,-0.47394,-2.00376
n,1165,4.55278,-2.01258,-0.47084
n,1166,2.03359,-4.53975,-0.50513
n,1167,2.05368,-0.50325,-4.53091
n,1168,0.15427,-4.23833,-2.64816
n,1169,0.18340,-2.64106,-4.24160
n,1170,4.67131,-0.97967,-1.48968
n,1171,4.66940,-1.50089,-0.97161
n,1172,0.60654,-4.48103,-2.13366
n,1173,1.55570,-4.63636,-1.04116
n,1174,0.64182,-2.13174,-4.47703
n,1175,0.18568,-3.91034,-3.11043
n,1176,1.58820,-1.03755,-4.62613
n,1177,0.20220,-3.10353,-3.91500
n,1178,1.07889,-4.61486,-1.59345
n,1179,4.32481,-0.45447,-2.46769
n,1180,4.31934,-2.47756,-0.45280
n,1181,2.49333,-4.30685,-0.48414
n,1182,1.11226,-1.59178,-4.60751
n,1183,2.51299,-0.48176,-4.29567
n,1184,4.04457,-0.43615,-2.90710
n,1185,4.03692,-2.91770,-0.43628
n,1186,0.20393,-3.52879,-3.53639
n,1187,2.92915,-4.02583,-0.46127
n,1188,2.94569,-0.45878,-4.01403
n,1189,4.49911,-0.94535,-1.96579
n,1190,4.49462,-1.97920,-0.93873
n,1191,3.71754,-0.42832,-3.31609
n,1192,3.70802,-3.32657,-0.42960
n,1193,3.33552,-3.69872,-0.44019
n,1194,3.34882,-0.43812,-3.68693
n,1195,2.02882,-4.45782,-1.00582
n,1196,0.62585,-4.20943,-2.62470
n,1197,4.55632,-1.46168,-1.45032
n,1198,2.06013,-1.00120,-4.44449
n,1199,0.65297,-2.62424,-4.20559
n,1200,1.08555,-4.40645,-2.09875
n,1201,0.64119,-3.88491,-3.08162
n,1202,0.65662,-3.08454,-3.88001
n,1203,1.11461,-2.09865,-4.39924
n,1204,1.55460,-4.49088,-1.55410
n,1205,1.58814,-1.55179,-4.47993
n,1206,4.27788,-0.90658,-2.42443
n,1207,4.27025,-2.43915,-0.90305
n,1208,2.47972,-4.23340,-0.96402
n,1209,0.65222,-3.50703,-3.50362
n,1210,2.51022,-0.95973,-4.21636
n,1211,4.00874,-0.86998,-2.85887
n,1212,3.99732,-2.87477,-0.87011
n,1213,4.39722,-1.41218,-1.91579
n,1214,4.39436,-1.92997,-1.40172
n,1215,2.90888,-3.96192,-0.91738
n,1216,2.93421,-0.91388,-3.94401
n,1217,3.69071,-0.85377,-3.26339
n,1218,3.67619,-3.27910,-0.85625
n,1219,3.33008,-0.87250,-3.62619
n,1220,3.30979,-3.64392,-0.87586
n,1221,2.01588,-4.32167,-1.50314
n,1222,1.08649,-4.14224,-2.58096
n,1223,2.04515,-1.50041,-4.30884
n,1224,1.10787,-2.58570,-4.13362
n,1225,1.54551,-4.29164,-2.04774
n,1226,1.57326,-2.04690,-4.28195
n,1227,1.08442,-3.82559,-3.03132
n,1228,1.09603,-3.04000,-3.81538
n,1229,4.19179,-1.35402,-2.36548
n,1230,4.18499,-2.38096,-1.34792
n,1231,3.93892,-1.30039,-2.79175
n,1232,1.08653,-3.45640,-3.44568
n,1233,3.92776,-2.80783,-1.29954
n,1234,2.45502,-4.11048,-1.44111
n,1235,4.25221,-1.86610,-1.85375
n,1236,3.63472,-1.27756,-3.18695
n,1237,3.62016,-3.20286,-1.27913
n,1238,2.48333,-1.43953,-4.09400
n,1239,1.99133,-4.13636,-1.98119
n,1240,2.01446,-1.98019,-4.12563
n,1241,2.87393,-3.85446,-1.37248
n,1242,2.89652,-1.37229,-3.83757
n,1243,3.28417,-1.30865,-3.53577
n,1244,3.26475,-3.55321,-1.31002
n,1245,1.52837,-4.03916,-2.51978
n,1246,1.54761,-2.52605,-4.02790
n,1247,4.06309,-2.30479,-1.78305
n,1248,4.06769,-1.79026,-2.29104
n,1249,1.51008,-3.73515,-2.96113
n,1250,1.52003,-2.97068,-3.72351
n,1251,3.83720,-1.71855,-2.70600
n,1252,3.82820,-2.71889,-1.71829
n,1253,2.41563,-3.94336,-1.90122
n,1254,1.50405,-3.37853,-3.36502
n,1255,2.43733,-1.90127,-3.92996
n,1256,1.95654,-3.90061,-2.44074
n,1257,1.97200,-2.44782,-3.88836
n,1258,2.82097,-3.70986,-1.81083
n,1259,2.83822,-1.81220,-3.69601
n,1260,3.21414,-1.72820,-3.41799
n,1261,3.19910,-3.43197,-1.72839
n,1262,3.90588,-2.21143,-2.20310
n,1263,3.54000,-3.10068,-1.68945
n,1264,3.55211,-1.68740,-3.08791
n,1265,1.92165,-3.61513,-2.87020
n,1266,1.92962,-2.87957,-3.60342
n,1267,1.90790,-3.27519,-3.26084
n,1268,3.70507,-2.11787,-2.60520
n,1269,3.70008,-2.61299,-2.11701
n,1270,2.36299,-3.73062,-2.34495
n,1271,2.37640,-2.35324,-3.71685
n,1272,3.44564,-2.07680,-2.96892
n,1273,3.43789,-2.97822,-2.07633
n,1274,3.11251,-3.28196,-2.13096
n,1275,2.31681,-2.77129,-3.45722
n,1276,3.12119,-2.13644,-3.27014
n,1277,2.31015,-3.47026,-2.76053
n,1278,2.75081,-3.52623,-2.23580
n,1279,2.76142,-2.24445,-3.51241
n,1280,2.28712,-3.15167,-3.13624
n,1281,3.32650,-2.42505,-2.83788
n,1282,3.32361,-2.84359,-2.42232
n,1283,3.01562,-3.10313,-2.50533
n,1284,3.01926,-2.51410,-3.09247
n,1285,2.67786,-3.29987,-2.63438
n,1286,2.68289,-2.64596,-3.28649
n,1287,3.54302,-2.49543,-2.49396
n,1288,3.20739,-2.71551,-2.70900
n,1289,2.95057,-2.86072,-2.84787
n,1290,2.64069,-3.00992,-2.99451
e,1,quad,61,30,31,32
e,2,quad,62,61,32,33
e,3,quad,63,29,30,61
e,4,quad,64,63,61,62
e,5,quad,65,62,33,34
e,6,quad,66,28,29,63
e,7,quad,67,64,62,65
e,8,quad,68,66,63,64
e,9,quad,69,65,34,35
e,10,quad,70,27,28,66
e,11,quad,71,68,64,67
e,12,quad,72,67,65,69
e,13,quad,73,70,66,68
e,14,quad,74,69,35,36
e,15,quad,75,26,27,70
e,16,quad,76,71,67,72
e,17,quad,77,73,68,71
e,18,quad,78,72,69,74
e,19,quad,79,75,70,73
e,20,quad,80,74,36,37
e,21,quad,81,25,26,75
e,22,quad,82,77,71,76
e,23,quad,84,76,72,78
e,24,quad,83,79,73,77
e,25,quad,85,78,74,80
e,26,quad,86,81,75,79
e,27,quad,87,80,37,38
e,28,quad,88,24,25,81
e,29,quad,89,82,76,84
e,30,quad,90,83,77,82
e,31,quad,91,84,78,85
e,32,quad,92,86,79,83
e,33,quad,93,85,80,87
e,34,quad,94,88,81,86
e,35,quad,95,90,82,89
e,36,quad,96,89,84,91
e,37,quad,97,92,83,90
e,38,quad,87,38,39,100
e,39,quad,88,101,23,24
e,40,quad,98,91,85,93
e,41,quad,99,94,86,92
e,42,quad,102,95,89,96
e,43,quad,103,97,90,95
e,44,quad,93,87,100,104
e,45,quad,94,105,101,88
e,46,quad,106,96,91,98
e,47,quad,107,99,92,97
e,48,quad,98,93,104,110
e,49,quad,100,39,40,108
e,50,quad,101,109,22,23
e,51,quad,99,111,105,94
e,52,quad,112,103,95,102
e,53,quad,113,102,96,106
e,54,quad,114,107,97,103
e,55,quad,104,100,108,115
e,56,quad,105,116,109,101
e,57,quad,106,98,110,117
e,58,quad,107,118,111,99
e,59,quad,119,112,102,113
e,60,quad,120,114,103,112
e,61,quad,108,40,41,121
e,62,quad,109,123,21,22
e,63,quad,110,104,115,122
e,64,quad,111,126,116,105
e,65,quad,113,106,117,125
e,66,quad,114,127,118,107
e,67,quad,124,120,112,119
e,68,quad,115,108,121,128
e,69,quad,117,110,122,129
e,70,quad,116,133,123,109
e,71,quad,119,113,125,130
e,72,quad,118,132,126,111
e,73,quad,120,131,127,114
e,74,quad,121,41,42,134
e,75,quad,123,136,20,21
e,76,quad,122,115,128,139
e,77,quad,124,119,130,135
e,78,quad,125,117,129,137
e,79,quad,124,135,131,120
e,80,quad,127,138,132,118
e,81,quad,126,140,133,116
e,82,quad,128,121,134,143
e,83,quad,130,125,137,141
e,84,quad,131,142,138,127
e,85,quad,133,144,136,123
e,86,quad,129,122,139,145
e,87,quad,132,146,140,126
e,88,quad,134,42,43,147
e,89,quad,136,148,19,20
e,90,quad,135,130,141,150
e,91,quad,135,150,142,131
e,92,quad,139,128,143,149
e,93,quad,137,129,145,152
e,94,quad,138,153,146,132
e,95,quad,140,151,144,133
e,96,quad,143,134,147,154
e,97,quad,144,155,148,136
e,98,quad,141,137,152,158
e,99,quad,142,156,153,138
e,100,quad,145,139,149,157
e,101,quad,147,43,44,160
e,102,quad,146,159,151,140
e,103,quad,148,161,18,19
e,104,quad,149,143,154,163
e,105,quad,150,141,158,162
e,106,quad,150,162,156,142
e,107,quad,151,165,155,144
e,108,quad,152,145,157,164
e,109,quad,153,166,159,146
e,110,quad,154,147,160,167
e,111,quad,155,168,161,148
e,112,quad,160,44,45,171
e,113,quad,157,149,163,172
e,114,quad,161,173,17,18
e,115,quad,158,152,164,169
e,116,quad,156,170,166,153
e,117,quad,159,175,165,151
e,118,quad,162,158,169,174
e,119,quad,162,174,170,156
e,120,quad,163,154,167,176
e,121,quad,165,178,168,155
e,122,quad,164,157,172,177
e,123,quad,167,160,171,179
e,124,quad,166,181,175,159
e,125,quad,168,180,173,161
e,126,quad,171,45,46,182
e,127,quad,173,183,16,17
e,128,quad,172,163,176,184
e,129,quad,169,164,177,185
e,130,quad,170,186,181,166
e,131,quad,175,187,178,165
e,132,quad,176,167,179,188
e,133,quad,174,169,185,189
e,134,quad,174,189,186,170
e,135,quad,178,190,180,168
e,136,quad,177,172,184,194
e,137,quad,179,171,182,195
e,138,quad,191,60,1,2
e,139,quad,180,197,183,173
e,140,quad,182,46,47,192
e,141,quad,183,193,15,16
e,142,quad,181,196,187,175
e,143,quad,184,176,188,200
e,144,quad,185,177,194,198
e,145,quad,187,201,190,178
e,146,quad,186,199,196,181
e,147,quad,188,179,195,207
e,148,quad,203,191,2,3
e,149,quad,204,59,60,191
e,150,quad,205,192,47,48
e,151,quad,206,14,15,193
e,152,quad,190,209,197,180
e,153,quad,195,182,192,208
e,154,quad,197,210,193,183
e,155,quad,189,185,198,202
e,156,quad,189,202,199,186
e,157,quad,194,184,200,211
e,158,quad,196,212,201,187
e,159,quad,200,188,207,219
e,160,quad,215,203,3,4
e,161,quad,216,205,48,49
e,162,quad,217,58,59,204
e,163,quad,198,194,211,213
e,164,quad,218,13,14,206
e,165,quad,201,220,209,190
e,166,quad,199,214,212,196
e,167,quad,221,204,191,203
e,168,quad,224,208,192,205
e,169,quad,207,195,208,222
e,170,quad,226,206,193,210
e,171,quad,209,225,210,197
e,172,quad,202,198,213,223
e,173,quad,202,223,214,199
e,174,quad,211,200,219,231
e,175,quad,227,215,4,5
e,176,quad,229,216,49,50
e,177,quad,228,57,58,217
e,178,quad,230,12,13,218
e,179,quad,212,232,220,201
e,180,quad,233,221,203,215
e,181,quad,234,217,204,221
e,182,quad,236,224,205,216
e,183,quad,219,207,222,235
e,184,quad,239,218,206,226
e,185,quad,220,237,225,209
e,186,quad,241,222,208,224
e,187,quad,213,211,231,238
e,188,quad,245,226,210,225
e,189,quad,214,240,232,212
e,190,quad,242,227,5,6
e,191,quad,243,56,57,228
e,192,quad,244,229,50,51
e,193,quad,246,11,12,230
e,194,quad,223,213,238,249
e,195,quad,223,249,240,214
e,196,quad,252,233,215,227
e,197,quad,253,228,217,234
e,198,quad,258,236,216,229
e,199,quad,261,230,218,239
e,200,quad,247,242,6,7
e,201,quad,248,55,56,243
e,202,quad,231,219,235,259
e,203,quad,250,244,51,52
e,204,quad,260,234,221,233
e,205,quad,251,10,11,246
e,206,quad,232,262,237,220
e,207,quad,263,235,222,241
e,208,quad,254,247,7,8
e,209,quad,255,54,55,248
e,210,quad,256,250,52,53
e,211,quad,267,241,224,236
e,212,quad,257,9,10,251
e,213,quad,266,245,225,237
e,214,quad,268,239,226,245
e,215,quad,254,8,9,257
e,216,quad,255,256,53,54
e,217,quad,269,252,227,242
e,218,quad,270,243,228,253
e,219,quad,238,231,259,264
e,220,quad,240,265,262,232
e,221,quad,271,258,229,244
e,222,quad,273,246,230,261
e,223,quad,276,260,233,252
e,224,quad,277,253,234,260
e,225,quad,249,238,264,272
e,226,quad,249,272,265,240
e,227,quad,274,269,242,247
e,228,quad,275,248,243,270
e,229,quad,285,259,235,263
e,230,quad,284,267,236,258
e,231,quad,278,271,244,250
e,232,quad,286,261,239,268
e,233,quad,287,266,237,262
e,234,quad,279,251,246,273
e,235,quad,280,274,247,254
e,236,quad,281,255,248,275
e,237,quad,288,263,241,267
e,238,quad,283,278,250,256
e,239,quad,282,257,251,279
e,240,quad,289,268,245,266
e,241,quad,280,254,257,282
e,242,quad,281,283,256,255
e,243,quad,292,276,252,269
e,244,quad,293,270,253,277
e,245,quad,290,264,259,285
e,246,quad,291,287,262,265
e,247,quad,298,277,260,276
e,248,quad,297,284,258,271
e,249,quad,301,273,261,286
e,250,quad,295,272,264,290
e,251,quad,295,291,265,272
e,252,quad,294,292,269,274
e,253,quad,296,275,270,293
e,254,quad,302,288,267,284
e,255,quad,308,285,263,288
e,256,quad,303,286,268,289
e,257,quad,309,289,266,287
e,258,quad,299,294,274,280
e,259,quad,300,281,275,296
e,260,quad,304,297,271,278
e,261,quad,305,279,273,301
e,262,quad,299,280,282,306
e,263,quad,300,307,283,281
e,264,quad,306,282,279,305
e,265,quad,307,304,278,283
e,266,quad,311,298,276,292
e,267,quad,310,293,277,298
e,268,quad,312,290,285,308
e,269,quad,313,309,287,291
e,270,quad,316,302,284,297
e,271,quad,318,301,286,303
e,272,quad,314,311,292,294
e,273,quad,319,308,288,302
e,274,quad,315,296,293,310
e,275,quad,317,295,290,312
e,276,quad,320,303,289,309
e,277,quad,317,313,291,295
e,278,quad,327,314,294,299
e,279,quad,326,300,296,315
e,280,quad,325,310,298,311
e,281,quad,321,316,297,304
e,282,quad,322,305,301,318
e,283,quad,327,299,306,323
e,284,quad,326,324,307,300
e,285,quad,324,321,304,307
e,286,quad,323,306,305,322
e,287,quad,328,312,308,319
e,288,quad,329,320,309,313
e,289,quad,333,319,302,316
e,290,quad,334,318,303,320
e,291,quad,331,325,311,314
e,292,quad,332,315,310,325
e,293,quad,330,317,312,328
e,294,quad,330,329,313,317
e,295,quad,335,331,314,327
e,296,quad,336,326,315,332
e,297,quad,341,333,316,321
e,298,quad,342,322,318,334
e,299,quad,340,328,319,333
e,300,quad,338,334,320,329
e,301,quad,335,327,323,339
e,302,quad,336,337,324,326
e,303,quad,337,341,321,324
e,304,quad,339,323,322,342
e,305,quad,350,332,325,331
e,306,quad,343,338,329,330
e,307,quad,343,330,328,340
e,308,quad,344,350,331,335
e,309,quad,348,340,333,341
e,310,quad,345,336,332,350
e,311,quad,349,342,334,338
e,312,quad,344,335,339,347
e,313,quad,345,346,337,336
e,314,quad,346,348,341,337
e,315,quad,347,339,342,349
e,316,quad,353,349,338,343
e,317,quad,353,343,340,348
e,318,quad,351,345,350,344
e,319,quad,351,344,347,352
e,320,quad,351,352,346,345
e,321,quad,352,353,348,346
e,322,quad,352,347,349,353
e,323,quad,383,354,31,30
e,324,quad,384,355,354,383
e,325,quad,385,383,30,29
e,326,quad,386,384,383,385
e,327,quad,387,356,355,384
e,328,quad,388,385,29,28
e,329,quad,389,387,384,386
e,330,quad,390,386,385,388
e,331,quad,391,357,356,387
e,332,quad,392,388,28,27
e,333,quad,393,389,386,390
e,334,quad,394,391,387,389
e,335,quad,395,390,388,392
e,336,quad,396,358,357,391
e,337,quad,397,392,27,26
e,338,quad,398,394,389,393
e,339,quad,399,393,390,395
e,340,quad,400,396,391,394
e,341,quad,401,395,392,397
e,342,quad,402,359,358,396
e,343,quad,403,397,26,25
e,344,quad,404,398,393,399
e,345,quad,406,400,394,398
e,346,quad,405,399,395,401
e,347,quad,407,402,396,400
e,348,quad,408,401,397,403
e,349,quad,409,360,359,402
e,350,quad,410,403,25,24
e,351,quad,411,406,398,404
e,352,quad,412,404,399,405
e,353,quad,413,407,400,406
e,354,quad,414,405,401,408
e,355,quad,415,409,402,407
e,356,quad,416,408,403,410
e,357,quad,417,411,404,412
e,358,quad,418,413,406,411
e,359,quad,419,412,405,414
e,360,quad,409,422,361,360
e,361,quad,410,24,23,423
e,362,quad,420,415,407,413
e,363,quad,421,414,408,416
e,364,quad,424,418,411,417
e,365,quad,425,417,412,419
e,366,quad,415,426,422,409
e,367,quad,416,410,423,427
e,368,quad,428,420,413,418
e,369,quad,429,419,414,421
e,370,quad,420,432,426,415
e,371,quad,422,430,362,361
e,372,quad,423,23,22,431
e,373,quad,421,416,427,433
e,374,quad,434,424,417,425
e,375,quad,435,428,418,424
e,376,quad,436,425,419,429
e,377,quad,426,437,430,422
e,378,quad,427,423,431,438
e,379,quad,428,439,432,420
e,380,quad,429,421,433,440
e,381,quad,441,435,424,434
e,382,quad,442,434,425,436
e,383,quad,430,443,363,362
e,384,quad,431,22,21,445
e,385,quad,432,444,437,426
e,386,quad,433,427,438,448
e,387,quad,435,447,439,428
e,388,quad,436,429,440,449
e,389,quad,446,441,434,442
e,390,quad,437,450,443,430
e,391,quad,439,451,444,432
e,392,quad,438,431,445,455
e,393,quad,441,452,447,435
e,394,quad,440,433,448,454
e,395,quad,442,436,449,453
e,396,quad,443,456,364,363
e,397,quad,445,21,20,458
e,398,quad,444,461,450,437
e,399,quad,446,457,452,441
e,400,quad,447,459,451,439
e,401,quad,446,442,453,457
e,402,quad,449,440,454,460
e,403,quad,448,438,455,462
e,404,quad,450,465,456,443
e,405,quad,452,463,459,447
e,406,quad,453,449,460,464
e,407,quad,455,445,458,466
e,408,quad,451,467,461,444
e,409,quad,454,448,462,468
e,410,quad,456,469,365,364
e,411,quad,458,20,19,470
e,412,quad,457,472,463,452
e,413,quad,457,453,464,472
e,414,quad,461,471,465,450
e,415,quad,459,474,467,451
e,416,quad,460,454,468,475
e,417,quad,462,455,466,473
e,418,quad,465,476,469,456
e,419,quad,466,458,470,477
e,420,quad,463,480,474,459
e,421,quad,464,460,475,478
e,422,quad,467,479,471,461
e,423,quad,469,482,366,365
e,424,quad,468,462,473,481
e,425,quad,470,19,18,483
e,426,quad,471,485,476,465
e,427,quad,472,484,480,463
e,428,quad,472,464,478,484
e,429,quad,473,466,477,487
e,430,quad,474,486,479,467
e,431,quad,475,468,481,488
e,432,quad,476,489,482,469
e,433,quad,477,470,483,490
e,434,quad,482,493,367,366
e,435,quad,479,494,485,471
e,436,quad,483,18,17,495
e,437,quad,480,491,486,474
e,438,quad,478,475,488,492
e,439,quad,481,473,487,497
e,440,quad,484,496,491,480
e,441,quad,484,478,492,496
e,442,quad,485,498,489,476
e,443,quad,487,477,490,500
e,444,quad,486,499,494,479
e,445,quad,489,501,493,482
e,446,quad,488,481,497,503
e,447,quad,490,483,495,502
e,448,quad,493,504,368,367
e,449,quad,495,17,16,505
e,450,quad,494,506,498,485
e,451,quad,491,507,499,486
e,452,quad,492,488,503,508
e,453,quad,497,487,500,509
e,454,quad,498,510,501,489
e,455,quad,496,511,507,491
e,456,quad,496,492,508,511
e,457,quad,500,490,502,512
e,458,quad,499,516,506,494
e,459,quad,501,517,504,493
e,460,quad,513,2,1,382
e,461,quad,502,495,505,519
e,462,quad,504,514,369,368
e,463,quad,505,16,15,515
e,464,quad,503,497,509,518
e,465,quad,506,522,510,498
e,466,quad,507,520,516,499
e,467,quad,509,500,512,523
e,468,quad,508,503,518,521
e,469,quad,510,529,517,501
e,470,quad,525,3,2,513
e,471,quad,526,513,382,381
e,472,quad,527,370,369,514
e,473,quad,528,515,15,14
e,474,quad,512,502,519,531
e,475,quad,517,530,514,504
e,476,quad,519,505,515,532
e,477,quad,511,524,520,507
e,478,quad,511,508,521,524
e,479,quad,516,533,522,506
e,480,quad,518,509,523,534
e,481,quad,522,541,529,510
e,482,quad,537,4,3,525
e,483,quad,538,371,370,527
e,484,quad,539,526,381,380
e,485,quad,520,535,533,516
e,486,quad,540,528,14,13
e,487,quad,523,512,531,542
e,488,quad,521,518,534,536
e,489,quad,543,525,513,526
e,490,quad,546,527,514,530
e,491,quad,529,544,530,517
e,492,quad,548,532,515,528
e,493,quad,531,519,532,547
e,494,quad,524,545,535,520
e,495,quad,524,521,536,545
e,496,quad,533,553,541,522
e,497,quad,549,5,4,537
e,498,quad,551,372,371,538
e,499,quad,550,539,380,379
e,500,quad,552,540,13,12
e,501,quad,534,523,542,554
e,502,quad,555,537,525,543
e,503,quad,556,543,526,539
e,504,quad,558,538,527,546
e,505,quad,541,557,544,529
e,506,quad,561,548,528,540
e,507,quad,542,531,547,559
e,508,quad,563,546,530,544
e,509,quad,535,560,553,533
e,510,quad,567,547,532,548
e,511,quad,536,534,554,562
e,512,quad,564,6,5,549
e,513,quad,565,550,379,378
e,514,quad,566,373,372,551
e,515,quad,568,552,12,11
e,516,quad,545,571,560,535
e,517,quad,545,536,562,571
e,518,quad,574,549,537,555
e,519,quad,575,556,539,550
e,520,quad,580,551,538,558
e,521,quad,583,561,540,552
e,522,quad,569,7,6,564
e,523,quad,570,565,378,377
e,524,quad,553,581,557,541
e,525,quad,572,374,373,566
e,526,quad,582,555,543,556
e,527,quad,573,568,11,10
e,528,quad,554,542,559,584
e,529,quad,585,563,544,557
e,530,quad,576,8,7,569
e,531,quad,577,570,377,376
e,532,quad,578,375,374,572
e,533,quad,589,558,546,563
e,534,quad,579,573,10,9
e,535,quad,588,559,547,567
e,536,quad,590,567,548,561
e,537,quad,576,579,9,8
e,538,quad,577,376,375,578
e,539,quad,591,564,549,574
e,540,quad,592,575,550,565
e,541,quad,560,586,581,553
e,542,quad,562,554,584,587
e,543,quad,593,566,551,580
e,544,quad,595,583,552,568
e,545,quad,598,574,555,582
e,546,quad,599,582,556,575
e,547,quad,571,594,586,560
e,548,quad,571,562,587,594
e,549,quad,596,569,564,591
e,550,quad,597,592,565,570
e,551,quad,607,585,557,581
e,552,quad,606,580,558,589
e,553,quad,600,572,566,593
e,554,quad,608,590,561,583
e,555,quad,609,584,559,588
e,556,quad,601,595,568,573
e,557,quad,602,576,569,596
e,558,quad,603,597,570,577
e,559,quad,610,589,563,585
e,560,quad,605,578,572,600
e,561,quad,604,601,573,579
e,562,quad,611,588,567,590
e,563,quad,602,604,579,576
e,564,quad,603,577,578,605
e,565,quad,614,591,574,598
e,566,quad,615,599,575,592
e,567,quad,612,607,581,586
e,568,quad,613,587,584,609
e,569,quad,620,598,582,599
e,570,quad,619,593,580,606
e,571,quad,623,608,583,595
e,572,quad,617,612,586,594
e,573,quad,617,594,587,613
e,574,quad,616,596,591,614
e,575,quad,618,615,592,597
e,576,quad,624,606,589,610
e,577,quad,630,610,585,607
e,578,quad,625,611,590,608
e,579,quad,631,609,588,611
e,580,quad,621,602,596,616
e,581,quad,622,618,597,603
e,582,quad,626,600,593,619
e,583,quad,627,623,595,601
e,584,quad,621,628,604,602
e,585,quad,622,603,605,629
e,586,quad,628,627,601,604
e,587,quad,629,605,600,626
e,588,quad,633,614,598,620
e,589,quad,632,620,599,615
e,590,quad,634,630,607,612
e,591,quad,635,613,609,631
e,592,quad,638,619,606,624
e,593,quad,640,625,608,623
e,594,quad,636,616,614,633
e,595,quad,641,624,610,630
e,596,quad,637,632,615,618
e,597,quad,639,634,612,617
e,598,quad,642,631,611,625
e,599,quad,639,617,613,635
e,600,quad,649,621,616,636
e,601,quad,648,637,618,622
e,602,quad,647,633,620,632
e,603,quad,643,626,619,638
e,604,quad,644,640,623,627
e,605,quad,649,645,628,621
e,606,quad,648,622,629,646
e,607,quad,646,629,626,643
e,608,quad,645,644,627,628
e,609,quad,650,641,630,634
e,610,quad,651,635,631,642
e,611,quad,655,638,624,641
e,612,quad,656,642,625,640
e,613,quad,653,636,633,647
e,614,quad,654,647,632,637
e,615,quad,652,650,634,639
e,616,quad,652,639,635,651
e,617,quad,657,649,636,653
e,618,quad,658,654,637,648
e,619,quad,663,643,638,655
e,620,quad,664,656,640,644
e,621,quad,662,655,641,650
e,622,quad,660,651,642,656
e,623,quad,657,661,645,649
e,624,quad,658,648,646,659
e,625,quad,659,646,643,663
e,626,quad,661,664,644,645
e,627,quad,672,653,647,654
e,628,quad,665,652,651,660
e,629,quad,665,662,650,652
e,630,quad,666,657,653,672
e,631,quad,670,663,655,662
e,632,quad,667,672,654,658
e,633,quad,671,660,656,664
e,634,quad,666,669,661,657
e,635,quad,667,658,659,668
e,636,quad,668,659,663,670
e,637,quad,669,671,664,661
e,638,quad,675,665,660,671
e,639,quad,675,670,662,665
e,640,quad,673,666,672,667
e,641,quad,673,674,669,666
e,642,quad,673,667,668,674
e,643,quad,674,668,670,675
e,644,quad,674,675,671,669
e,645,quad,705,32,31,704
e,646,quad,706,33,32,705
e,647,quad,707,705,704,703
e,648,quad,708,706,705,707
e,649,quad,709,34,33,706
e,650,quad,710,707,703,702
e,651,quad,711,709,706,708
e,652,quad,712,708,707,710
e,653,quad,713,35,34,709
e,654,quad,714,710,702,701
e,655,quad,715,711,708,712
e,656,quad,716,713,709,711
e,657,quad,717,712,710,714
e,658,quad,718,36,35,713
e,659,quad,719,714,701,700
e,660,quad,720,716,711,715
e,661,quad,721,715,712,717
e,662,quad,722,718,713,716
e,663,quad,723,717,714,719
e,664,quad,724,37,36,718
e,665,quad,725,719,700,699
e,666,quad,726,720,715,721
e,667,quad,728,722,716,720
e,668,quad,727,721,717,723
e,669,quad,729,724,718,722
e,670,quad,730,723,719,725
e,671,quad,731,38,37,724
e,672,quad,732,725,699,698
e,673,quad,733,728,720,726
e,674,quad,734,726,721,727
e,675,quad,735,729,722,728
e,676,quad,736,727,723,730
e,677,quad,737,731,724,729
e,678,quad,738,730,725,732
e,679,quad,739,733,726,734
e,680,quad,740,735,728,733
e,681,quad,741,734,727,736
e,682,quad,731,744,39,38
e,683,quad,732,698,697,745
e,684,quad,742,737,729,735
e,685,quad,743,736,730,738
e,686,quad,746,740,733,739
e,687,quad,747,739,734,741
e,688,quad,737,748,744,731
e,689,quad,738,732,745,749
e,690,quad,750,742,735,740
e,691,quad,751,741,736,743
e,692,quad,742,754,748,737
e,693,quad,744,752,40,39
e,694,quad,745,697,696,753
e,695,quad,743,738,749,755
e,696,quad,756,746,739,747
e,697,quad,757,750,740,746
e,698,quad,758,747,741,751
e,699,quad,748,759,752,744
e,700,quad,749,745,753,760
e,701,quad,750,761,754,742
e,702,quad,751,743,755,762
e,703,quad,763,757,746,756
e,704,quad,764,756,747,758
e,705,quad,752,765,41,40
e,706,quad,753,696,695,767
e,707,quad,754,766,759,748
e,708,quad,755,749,760,770
e,709,quad,757,769,761,750
e,710,quad,758,751,762,771
e,711,quad,768,763,756,764
e,712,quad,759,772,765,752
e,713,quad,761,773,766,754
e,714,quad,760,753,767,777
e,715,quad,763,774,769,757
e,716,quad,762,755,770,776
e,717,quad,764,758,771,775
e,718,quad,765,778,42,41
e,719,quad,767,695,694,780
e,720,quad,766,783,772,759
e,721,quad,768,779,774,763
e,722,quad,769,781,773,761
e,723,quad,768,764,775,779
e,724,quad,771,762,776,782
e,725,quad,770,760,777,784
e,726,quad,772,787,778,765
e,727,quad,774,785,781,769
e,728,quad,775,771,782,786
e,729,quad,777,767,780,788
e,730,quad,773,789,783,766
e,731,quad,776,770,784,790
e,732,quad,778,791,43,42
e,733,quad,780,694,693,792
e,734,quad,779,794,785,774
e,735,quad,779,775,786,794
e,736,quad,783,793,787,772
e,737,quad,781,796,789,773
e,738,quad,782,776,790,797
e,739,quad,784,777,788,795
e,740,quad,787,798,791,778
e,741,quad,788,780,792,799
e,742,quad,785,802,796,781
e,743,quad,786,782,797,800
e,744,quad,789,801,793,783
e,745,quad,791,804,44,43
e,746,quad,790,784,795,803
e,747,quad,792,693,692,805
e,748,quad,793,807,798,787
e,749,quad,794,806,802,785
e,750,quad,794,786,800,806
e,751,quad,795,788,799,809
e,752,quad,796,808,801,789
e,753,quad,797,790,803,810
e,754,quad,798,811,804,791
e,755,quad,799,792,805,812
e,756,quad,804,815,45,44
e,757,quad,801,816,807,793
e,758,quad,805,692,691,817
e,759,quad,802,813,808,796
e,760,quad,800,797,810,814
e,761,quad,803,795,809,819
e,762,quad,806,818,813,802
e,763,quad,806,800,814,818
e,764,quad,807,820,811,798
e,765,quad,809,799,812,822
e,766,quad,808,821,816,801
e,767,quad,811,823,815,804
e,768,quad,810,803,819,825
e,769,quad,812,805,817,824
e,770,quad,815,826,46,45
e,771,quad,817,691,690,827
e,772,quad,816,828,820,807
e,773,quad,813,829,821,808
e,774,quad,814,810,825,830
e,775,quad,819,809,822,831
e,776,quad,820,832,823,811
e,777,quad,818,833,829,813
e,778,quad,818,814,830,833
e,779,quad,822,812,824,834
e,780,quad,821,838,828,816
e,781,quad,823,839,826,815
e,782,quad,835,676,1,60
e,783,quad,824,817,827,841
e,784,quad,826,836,47,46
e,785,quad,827,690,689,837
e,786,quad,825,819,831,840
e,787,quad,828,844,832,820
e,788,quad,829,842,838,821
e,789,quad,831,822,834,845
e,790,quad,830,825,840,843
e,791,quad,832,851,839,823
e,792,quad,847,677,676,835
e,793,quad,848,835,60,59
e,794,quad,849,48,47,836
e,795,quad,850,837,689,688
e,796,quad,834,824,841,853
e,797,quad,839,852,836,826
e,798,quad,841,827,837,854
e,799,quad,833,846,842,829
e,800,quad,833,830,843,846
e,801,quad,838,855,844,828
e,802,quad,840,831,845,856
e,803,quad,844,863,851,832
e,804,quad,859,678,677,847
e,805,quad,860,49,48,849
e,806,quad,861,848,59,58
e,807,quad,842,857,855,838
e,808,quad,862,850,688,687
e,809,quad,845,834,853,864
e,810,quad,843,840,856,858
e,811,quad,865,847,835,848
e,812,quad,868,849,836,852
e,813,quad,851,866,852,839
e,814,quad,870,854,837,850
e,815,quad,853,841,854,869
e,816,quad,846,867,857,842
e,817,quad,846,843,858,867
e,818,quad,855,875,863,844
e,819,quad,871,679,678,859
e,820,quad,873,50,49,860
e,821,quad,872,861,58,57
e,822,quad,874,862,687,686
e,823,quad,856,845,864,876
e,824,quad,877,859,847,865
e,825,quad,878,865,848,861
e,826,quad,880,860,849,868
e,827,quad,863,879,866,851
e,828,quad,883,870,850,862
e,829,quad,864,853,869,881
e,830,quad,885,868,852,866
e,831,quad,857,882,875,855
e,832,quad,889,869,854,870
e,833,quad,858,856,876,884
e,834,quad,886,680,679,871
e,835,quad,887,872,57,56
e,836,quad,888,51,50,873
e,837,quad,890,874,686,685
e,838,quad,867,893,882,857
e,839,quad,867,858,884,893
e,840,quad,896,871,859,877
e,841,quad,897,878,861,872
e,842,quad,902,873,860,880
e,843,quad,905,883,862,874
e,844,quad,891,681,680,886
e,845,quad,892,887,56,55
e,846,quad,875,903,879,863
e,847,quad,894,52,51,888
e,848,quad,904,877,865,878
e,849,quad,895,890,685,684
e,850,quad,876,864,881,906
e,851,quad,907,885,866,879
e,852,quad,898,682,681,891
e,853,quad,899,892,55,54
e,854,quad,900,53,52,894
e,855,quad,911,880,868,885
e,856,quad,901,895,684,683
e,857,quad,910,881,869,889
e,858,quad,912,889,870,883
e,859,quad,898,901,683,682
e,860,quad,899,54,53,900
e,861,quad,913,886,871,896
e,862,quad,914,897,872,887
e,863,quad,882,908,903,875
e,864,quad,884,876,906,909
e,865,quad,915,888,873,902
e,866,quad,917,905,874,890
e,867,quad,920,896,877,904
e,868,quad,921,904,878,897
e,869,quad,893,916,908,882
e,870,quad,893,884,909,916
e,871,quad,918,891,886,913
e,872,quad,919,914,887,892
e,873,quad,929,907,879,903
e,874,quad,928,902,880,911
e,875,quad,922,894,888,915
e,876,quad,930,912,883,905
e,877,quad,931,906,881,910
e,878,quad,923,917,890,895
e,879,quad,924,898,891,918
e,880,quad,925,919,892,899
e,881,quad,932,911,885,907
e,882,quad,927,900,894,922
e,883,quad,926,923,895,901
e,884,quad,933,910,889,912
e,885,quad,924,926,901,898
e,886,quad,925,899,900,927
e,887,quad,936,913,896,920
e,888,quad,937,921,897,914
e,889,quad,934,929,903,908
e,890,quad,935,909,906,931
e,891,quad,942,920,904,921
e,892,quad,941,915,902,928
e,893,quad,945,930,905,917
e,894,quad,939,934,908,916
e,895,quad,939,916,909,935
e,896,quad,938,918,913,936
e,897,quad,940,937,914,919
e,898,quad,946,928,911,932
e,899,quad,952,932,907,929
e,900,quad,947,933,912,930
e,901,quad,953,931,910,933
e,902,quad,943,924,918,938
e,903,quad,944,940,919,925
e,904,quad,948,922,915,941
e,905,quad,949,945,917,923
e,906,quad,943,950,926,924
e,907,quad,944,925,927,951
e,908,quad,950,949,923,926
e,909,quad,951,927,922,948
e,910,quad,955,936,920,942
e,911,quad,954,942,921,937
e,912,quad,956,952,929,934
e,913,quad,957,935,931,953
e,914,quad,960,941,928,946
e,915,quad,962,947,930,945
e,916,quad,958,938,936,955
e,917,quad,963,946,932,952
e,918,quad,959,954,937,940
e,919,quad,961,956,934,939
e,920,quad,964,953,933,947
e,921,quad,961,939,935,957
e,922,quad,971,943,938,958
e,923,quad,970,959,940,944
e,924,quad,969,955,942,954
e,925,quad,965,948,941,960
e,926,quad,966,962,945,949
e,927,quad,971,967,950,943
e,928,quad,970,944,951,968
e,929,quad,968,951,948,965
e,930,quad,967,966,949,950
e,931,quad,972,963,952,956
e,932,quad,973,957,953,964
e,933,quad,977,960,946,963
e,934,quad,978,964,947,962
e,935,quad,975,958,955,969
e,936,quad,976,969,954,959
e,937,quad,974,972,956,961
e,938,quad,974,961,957,973
e,939,quad,979,971,958,975
e,940,quad,980,976,959,970
e,941,quad,985,965,960,977
e,942,quad,986,978,962,966
e,943,quad,984,977,963,972
e,944,quad,982,973,964,978
e,945,quad,979,983,967,971
e,946,quad,980,970,968,981
e,947,quad,981,968,965,985
e,948,quad,983,986,966,967
e,949,quad,994,975,969,976
e,950,quad,987,974,973,982
e,951,quad,987,984,972,974
e,952,quad,988,979,975,994
e,953,quad,992,985,977,984
e,954,quad,989,994,976,980
e,955,quad,993,982,978,986
e,956,quad,988,991,983,979
e,957,quad,989,980,981,990
e,958,quad,990,981,985,992
e,959,quad,991,993,986,983
e,960,quad,997,987,982,993
e,961,quad,997,992,984,987
e,962,quad,995,988,994,989
e,963,quad,995,996,991,988
e,964,quad,995,989,990,996
e,965,quad,996,990,992,997
e,966,quad,996,997,993,991
e,967,quad,998,704,31,354
e,968,quad,999,998,354,355
e,969,quad,1000,703,704,998
e,970,quad,1001,1000,998,999
e,971,quad,1002,999,355,356
e,972,quad,1003,702,703,1000
e,973,quad,1004,1001,999,1002
e,974,quad,1005,1003,1000,1001
e,975,quad,1006,1002,356,357
e,976,quad,1007,701,702,1003
e,977,quad,1008,1005,1001,1004
e,978,quad,1009,1004,1002,1006
e,979,quad,1010,1007,1003,1005
e,980,quad,1011,1006,357,358
e,981,quad,1012,700,701,1007
e,982,quad,1013,1008,1004,1009
e,983,quad,1014,1010,1005,1008
e,984,quad,1015,1009,1006,1011
e,985,quad,1016,1012,1007,1010
e,986,quad,1017,1011,358,359
e,987,quad,1018,699,700,1012
e,988,quad,1019,1014,1008,1013
e,989,quad,1021,1013,1009,1015
e,990,quad,1020,1016,1010,1014
e,991,quad,1022,1015,1011,1017
e,992,quad,1023,1018,1012,1016
e,993,quad,1024,1017,359,360
e,994,quad,1025,698,699,1018
e,995,quad,1026,1019,1013,1021
e,996,quad,1027,1020,1014,1019
e,997,quad,1028,1021,1015,1022
e,998,quad,1029,1023,1016,1020
e,999,quad,1030,1022,1017,1024
e,1000,quad,1031,1025,1018,1023
e,1001,quad,1032,1027,1019,1026
e,1002,quad,1033,1026,1021,1028
e,1003,quad,1034,1029,1020,1027
e,1004,quad,1024,360,361,1037
e,1005,quad,1025,1038,697,698
e,1006,quad,1035,1028,1022,1030
e,1007,quad,1036,1031,1023,1029
e,1008,quad,1039,1032,1026,1033
e,1009,quad,1040,1034,1027,1032
e,1010,quad,1030,1024,1037,1041
e,1011,quad,1031,1042,1038,1025
e,1012,quad,1043,1033,1028,1035
e,1013,quad,1044,1036,1029,1034
e,1014,quad,1035,1030,1041,1047
e,1015,quad,1037,361,362,1045
e,1016,quad,1038,1046,696,697
e,1017,quad,1036,1048,1042,1031
e,1018,quad,1049,1040,1032,1039
e,1019,quad,1050,1039,1033,1043
e,1020,quad,1051,1044,1034,1040
e,1021,quad,1041,1037,1045,1052
e,1022,quad,1042,1053,1046,1038
e,1023,quad,1043,1035,1047,1054
e,1024,quad,1044,1055,1048,1036
e,1025,quad,1056,1049,1039,1050
e,1026,quad,1057,1051,1040,1049
e,1027,quad,1045,362,363,1058
e,1028,quad,1046,1060,695,696
e,1029,quad,1047,1041,1052,1059
e,1030,quad,1048,1063,1053,1042
e,1031,quad,1050,1043,1054,1062
e,1032,quad,1051,1064,1055,1044
e,1033,quad,1061,1057,1049,1056
e,1034,quad,1052,1045,1058,1065
e,1035,quad,1054,1047,1059,1066
e,1036,quad,1053,1070,1060,1046
e,1037,quad,1056,1050,1062,1067
e,1038,quad,1055,1069,1063,1048
e,1039,quad,1057,1068,1064,1051
e,1040,quad,1058,363,364,1071
e,1041,quad,1060,1073,694,695
e,1042,quad,1059,1052,1065,1076
e,1043,quad,1061,1056,1067,1072
e,1044,quad,1062,1054,1066,1074
e,1045,quad,1061,1072,1068,1057
e,1046,quad,1064,1075,1069,1055
e,1047,quad,1063,1077,1070,1053
e,1048,quad,1065,1058,1071,1080
e,1049,quad,1067,1062,1074,1078
e,1050,quad,1068,1079,1075,1064
e,1051,quad,1070,1081,1073,1060
e,1052,quad,1066,1059,1076,1082
e,1053,quad,1069,1083,1077,1063
e,1054,quad,1071,364,365,1084
e,1055,quad,1073,1085,693,694
e,1056,quad,1072,1067,1078,1087
e,1057,quad,1072,1087,1079,1068
e,1058,quad,1076,1065,1080,1086
e,1059,quad,1074,1066,1082,1089
e,1060,quad,1075,1090,1083,1069
e,1061,quad,1077,1088,1081,1070
e,1062,quad,1080,1071,1084,1091
e,1063,quad,1081,1092,1085,1073
e,1064,quad,1078,1074,1089,1095
e,1065,quad,1079,1093,1090,1075
e,1066,quad,1082,1076,1086,1094
e,1067,quad,1084,365,366,1097
e,1068,quad,1083,1096,1088,1077
e,1069,quad,1085,1098,692,693
e,1070,quad,1086,1080,1091,1100
e,1071,quad,1087,1078,1095,1099
e,1072,quad,1087,1099,1093,1079
e,1073,quad,1088,1102,1092,1081
e,1074,quad,1089,1082,1094,1101
e,1075,quad,1090,1103,1096,1083
e,1076,quad,1091,1084,1097,1104
e,1077,quad,1092,1105,1098,1085
e,1078,quad,1097,366,367,1108
e,1079,quad,1094,1086,1100,1109
e,1080,quad,1098,1110,691,692
e,1081,quad,1095,1089,1101,1106
e,1082,quad,1093,1107,1103,1090
e,1083,quad,1096,1112,1102,1088
e,1084,quad,1099,1095,1106,1111
e,1085,quad,1099,1111,1107,1093
e,1086,quad,1100,1091,1104,1113
e,1087,quad,1102,1115,1105,1092
e,1088,quad,1101,1094,1109,1114
e,1089,quad,1104,1097,1108,1116
e,1090,quad,1103,1118,1112,1096
e,1091,quad,1105,1117,1110,1098
e,1092,quad,1108,367,368,1119
e,1093,quad,1110,1120,690,691
e,1094,quad,1109,1100,1113,1121
e,1095,quad,1106,1101,1114,1122
e,1096,quad,1107,1123,1118,1103
e,1097,quad,1112,1124,1115,1102
e,1098,quad,1113,1104,1116,1125
e,1099,quad,1111,1106,1122,1126
e,1100,quad,1111,1126,1123,1107
e,1101,quad,1115,1127,1117,1105
e,1102,quad,1114,1109,1121,1131
e,1103,quad,1116,1108,1119,1132
e,1104,quad,1128,382,1,676
e,1105,quad,1117,1134,1120,1110
e,1106,quad,1119,368,369,1129
e,1107,quad,1120,1130,689,690
e,1108,quad,1118,1133,1124,1112
e,1109,quad,1121,1113,1125,1137
e,1110,quad,1122,1114,1131,1135
e,1111,quad,1124,1138,1127,1115
e,1112,quad,1123,1136,1133,1118
e,1113,quad,1125,1116,1132,1144
e,1114,quad,1140,1128,676,677
e,1115,quad,1141,381,382,1128
e,1116,quad,1142,1129,369,370
e,1117,quad,1143,688,689,1130
e,1118,quad,1127,1146,1134,1117
e,1119,quad,1132,1119,1129,1145
e,1120,quad,1134,1147,1130,1120
e,1121,quad,1126,1122,1135,1139
e,1122,quad,1126,1139,1136,1123
e,1123,quad,1131,1121,1137,1148
e,1124,quad,1133,1149,1138,1124
e,1125,quad,1137,1125,1144,1156
e,1126,quad,1152,1140,677,678
e,1127,quad,1153,1142,370,371
e,1128,quad,1154,380,381,1141
e,1129,quad,1135,1131,1148,1150
e,1130,quad,1155,687,688,1143
e,1131,quad,1138,1157,1146,1127
e,1132,quad,1136,1151,1149,1133
e,1133,quad,1158,1141,1128,1140
e,1134,quad,1161,1145,1129,1142
e,1135,quad,1144,1132,1145,1159
e,1136,quad,1163,1143,1130,1147
e,1137,quad,1146,1162,1147,1134
e,1138,quad,1139,1135,1150,1160
e,1139,quad,1139,1160,1151,1136
e,1140,quad,1148,1137,1156,1168
e,1141,quad,1164,1152,678,679
e,1142,quad,1166,1153,371,372
e,1143,quad,1165,379,380,1154
e,1144,quad,1167,686,687,1155
e,1145,quad,1149,1169,1157,1138
e,1146,quad,1170,1158,1140,1152
e,1147,quad,1171,1154,1141,1158
e,1148,quad,1173,1161,1142,1153
e,1149,quad,1156,1144,1159,1172
e,1150,quad,1176,1155,1143,1163
e,1151,quad,1157,1174,1162,1146
e,1152,quad,1178,1159,1145,1161
e,1153,quad,1150,1148,1168,1175
e,1154,quad,1182,1163,1147,1162
e,1155,quad,1151,1177,1169,1149
e,1156,quad,1179,1164,679,680
e,1157,quad,1180,378,379,1165
e,1158,quad,1181,1166,372,373
e,1159,quad,1183,685,686,1167
e,1160,quad,1160,1150,1175,1186
e,1161,quad,1160,1186,1177,1151
e,1162,quad,1189,1170,1152,1164
e,1163,quad,1190,1165,1154,1171
e,1164,quad,1195,1173,1153,1166
e,1165,quad,1198,1167,1155,1176
e,1166,quad,1184,1179,680,681
e,1167,quad,1185,377,378,1180
e,1168,quad,1168,1156,1172,1196
e,1169,quad,1187,1181,373,374
e,1170,quad,1197,1171,1158,1170
e,1171,quad,1188,684,685,1183
e,1172,quad,1169,1199,1174,1157
e,1173,quad,1200,1172,1159,1178
e,1174,quad,1191,1184,681,682
e,1175,quad,1192,376,377,1185
e,1176,quad,1193,1187,374,375
e,1177,quad,1204,1178,1161,1173
e,1178,quad,1194,683,684,1188
e,1179,quad,1203,1182,1162,1174
e,1180,quad,1205,1176,1163,1182
e,1181,quad,1191,682,683,1194
e,1182,quad,1192,1193,375,376
e,1183,quad,1206,1189,1164,1179
e,1184,quad,1207,1180,1165,1190
e,1185,quad,1175,1168,1196,1201
e,1186,quad,1177,1202,1199,1169
e,1187,quad,1208,1195,1166,1181
e,1188,quad,1210,1183,1167,1198
e,1189,quad,1213,1197,1170,1189
e,1190,quad,1214,1190,1171,1197
e,1191,quad,1186,1175,1201,1209
e,1192,quad,1186,1209,1202,1177
e,1193,quad,1211,1206,1179,1184
e,1194,quad,1212,1185,1180,1207
e,1195,quad,1222,1196,1172,1200
e,1196,quad,1221,1204,1173,1195
e,1197,quad,1215,1208,1181,1187
e,1198,quad,1223,1198,1176,1205
e,1199,quad,1224,1203,1174,1199
e,1200,quad,1216,1188,1183,1210
e,1201,quad,1217,1211,1184,1191
e,1202,quad,1218,1192,1185,1212
e,1203,quad,1225,1200,1178,1204
e,1204,quad,1220,1215,1187,1193
e,1205,quad,1219,1194,1188,1216
e,1206,quad,1226,1205,1182,1203
e,1207,quad,1217,1191,1194,1219
e,1208,quad,1218,1220,1193,1192
e,1209,quad,1229,1213,1189,1206
e,1210,quad,1230,1207,1190,1214
e,1211,quad,1227,1201,1196,1222
e,1212,quad,1228,1224,1199,1202
e,1213,quad,1235,1214,1197,1213
e,1214,quad,1234,1221,1195,1208
e,1215,quad,1238,1210,1198,1223
e,1216,quad,1232,1209,1201,1227
e,1217,quad,1232,1228,1202,1209
e,1218,quad,1231,1229,1206,1211
e,1219,quad,1233,1212,1207,1230
e,1220,quad,1239,1225,1204,1221
e,1221,quad,1245,1222,1200,1225
e,1222,quad,1240,1223,1205,1226
e,1223,quad,1246,1226,1203,1224
e,1224,quad,1236,1231,1211,1217
e,1225,quad,1237,1218,1212,1233
e,1226,quad,1241,1234,1208,1215
e,1227,quad,1242,1216,1210,1238
e,1228,quad,1236,1217,1219,1243
e,1229,quad,1237,1244,1220,1218
e,1230,quad,1243,1219,1216,1242
e,1231,quad,1244,1241,1215,1220
e,1232,quad,1248,1235,1213,1229
e,1233,quad,1247,1230,1214,1235
e,1234,quad,1249,1227,1222,1245
e,1235,quad,1250,1246,1224,1228
e,1236,quad,1253,1239,1221,1234
e,1237,quad,1255,1238,1223,1240
e,1238,quad,1251,1248,1229,1231
e,1239,quad,1256,1245,1225,1239
e,1240,quad,1252,1233,1230,1247
e,1241,quad,1254,1232,1227,1249
e,1242,quad,1257,1240,1226,1246
e,1243,quad,1254,1250,1228,1232
e,1244,quad,1264,1251,1231,1236
e,1245,quad,1263,1237,1233,1252
e,1246,quad,1262,1247,1235,1248
e,1247,quad,1258,1253,1234,1241
e,1248,quad,1259,1242,1238,1255
e,1249,quad,1264,1236,1243,1260
e,1250,quad,1263,1261,1244,1237
e,1251,quad,1261,1258,1241,1244
e,1252,quad,1260,1243,1242,1259
e,1253,quad,1265,1249,1245,1256
e,1254,quad,1266,1257,1246,1250
e,1255,quad,1270,1256,1239,1253
e,1256,quad,1271,1255,1240,1257
e,1257,quad,1268,1262,1248,1251
e,1258,quad,1269,1252,1247,1262
e,1259,quad,1267,1254,1249,1265
e,1260,quad,1267,1266,1250,1254
e,1261,quad,1272,1268,1251,1264
e,1262,quad,1273,1263,1252,1269
e,1263,quad,1278,1270,1253,1258
e,1264,quad,1279,1259,1255,1271
e,1265,quad,1277,1265,1256,1270
e,1266,quad,1275,1271,1257,1266
e,1267,quad,1272,1264,1260,1276
e,1268,quad,1273,1274,1261,1263
e,1269,quad,1274,1278,1258,1261
e,1270,quad,1276,1260,1259,1279
e,1271,quad,1287,1269,1262,1268
e,1272,quad,1280,1275,1266,1267
e,1273,quad,1280,1267,1265,1277
e,1274,quad,1281,1287,1268,1272
e,1275,quad,1285,1277,1270,1278
e,1276,quad,1282,1273,1269,1287
e,1277,quad,1286,1279,1271,1275
e,1278,quad,1281,1272,1276,1284
e,1279,quad,1282,1283,1274,1273
e,1280,quad,1283,1285,1278,1274
e,1281,quad,1284,1276,1279,1286
e,1282,quad,1290,1286,1275,1280
e,1283,quad,1290,1280,1277,1285
e,1284,quad,1288,1282,1287,1281
e,1285,quad,1288,1281,1284,1289
e,1286,quad,1288,1289,1283,1282
e,1287,quad,1289,1290,1285,1283
e,1288,quad,1289,1284,1286,1290