n,1,0.00000,-7.07107,7.07107
n,2,0.00000,-3.82683,9.23880
n,3,0.00000,0.00000,10.00000
n,4,3.82683,0.00000,9.23880
n,5,7.07107,0.00000,7.07107
n,6,9.23880,0.00000,3.82683
n,7,10.00000,0.00000,0.00000
n,8,0.00000,-9.23880,3.82683
n,9,0.00000,-10.00000,0.00000
n,10,3.82683,-9.23880,0.00000
n,11,7.07107,-7.07107,0.00000
n,12,9.23880,-3.82683,0.00000
n,13,5.77312,-5.82334,5.72361
n,14,6.67811,-3.19266,6.72382
n,15,3.19889,-6.75030,6.64835
n,16,3.54906,-3.57107,8.64012
n,17,6.66442,-6.75810,3.14858
n,18,3.53873,-8.65959,3.53395
n,19,8.60637,-3.63417,3.56697
n,20,-3.82683,0.00000,9.23880
n,21,-7.07107,0.00000,7.07107
n,22,-9.23880,0.00000,3.82683
n,23,-10.00000,0.00000,0.00000
n,24,-3.82683,-9.23880,0.00000
n,25,-7.07107,-7.07107,0.00000
n,26,-9.23880,-3.82683,0.00000
n,27,-5.77312,-5.82334,5.72361
n,28,-6.67811,-3.19266,6.72382
n,29,-3.19889,-6.75030,6.64835
n,30,-3.54906,-3.57107,8.64012
n,31,-6.66442,-6.75810,3.14858
n,32,-3.53873,-8.65959,3.53395
n,33,-8.60637,-3.63417,3.56697
n,34,0.00000,-7.07107,-7.07107
n,35,0.00000,-3.82683,-9.23880
n,36,0.00000,0.00000,-10.00000
n,37,3.82683,0.00000,-9.23880
n,38,7.07107,0.00000,-7.07107
n,39,9.23880,0.00000,-3.82683
n,40,0.00000,-9.23880,-3.82683
n,41,5.77312,-5.82334,-5.72361
n,42,6.67811,-3.19266,-6.72382
n,43,3.19889,-6.75030,-6.64835
n,44,3.54906,-3.57107,-8.64012
n,45,6.66442,-6.75810,-3.14858
n,46,3.53873,-8.65959,-3.53395
n,47,8.60637,-3.63417,-3.56697
n,48,-3.82683,0.00000,-9.23880
n,49,-7.07107,0.00000,-7.07107
n,50,-9.23880,0.00000,-3.82683
n,51,-5.77312,-5.82334,-5.72361
n,52,-6.67811,-3.19266,-6.72382
n,53,-3.19889,-6.75030,-6.64835
n,54,-3.54906,-3.57107,-8.64012
n,55,-6.66442,-6.75810,-3.14858
n,56,-3.53873,-8.65959,-3.53395
n,57,-8.60637,-3.63417,-3.56697
n,58,0.00000,7.07107,7.07107
n,59,0.00000,3.82683,9.23880
n,60,0.00000,9.23880,3.82683
n,61,0.00000,10.00000,0.00000
n,62,3.82683,9.23880,0.00000
n,63,7.07107,7.07107,0.00000
n,64,9.23880,3.82683,0.00000
n,65,5.77312,5.82334,5.72361
n,66,6.67811,3.19266,6.72382
n,67,3.19889,6.75030,6.64835
n,68,3.54906,3.57107,8.64012
n,69,6.66442,6.75810,3.14858
n,70,3.53873,8.65959,3.53395
n,71,8.60637,3.63417,3.56697
n,72,-3.82683,9.23880,0.00000
n,73,-7.07107,7.07107,0.00000
n,74,-9.23880,3.82683,0.00000
n,75,-5.77312,5.82334,5.72361
n,76,-6.67811,3.19266,6.72382
n,77,-3.19889,6.75030,6.64835
n,78,-3.54906,3.57107,8.64012
n,79,-6.66442,6.75810,3.14858
n,80,-3.53873,8.65959,3.53395
n,81,-8.60637,3.63417,3.56697
n,82,0.00000,7.07107,-7.07107
n,83,0.00000,3.82683,-9.23880
n,84,0.00000,9.23880,-3.82683
n,85,5.77312,5.82334,-5.72361
n,86,6.67811,3.19266,-6.72382
n,87,3.19889,6.75030,-6.64835
n,88,3.54906,3.57107,-8.64012
n,89,6.66442,6.75810,-3.14858
n,90,3.53873,8.65959,-3.53395
n,91,8.60637,3.63417,-3.56697
n,92,-5.77312,5.82334,-5.72361
n,93,-6.67811,3.19266,-6.72382
n,94,-3.19889,6.75030,-6.64835
n,95,-3.54906,3.57107,-8.64012
n,96,-6.66442,6.75810,-3.14858
n,97,-3.53873,8.65959,-3.53395
n,98,-8.60637,3.63417,-3.56697
e,1,tri,8,9,24
e,2,tri,1,8,32
e,3,tri,32,24,25
e,4,tri,32,31,27
e,5,tri,20,3,2
e,6,tri,21,20,30
e,7,tri,30,2,1
e,8,tri,30,29,27
e,9,tri,16,13,15
e,10,tri,16,1,2
e,11,tri,5,16,4
e,12,tri,4,2,3
e,13,tri,18,13,17
e,14,tri,18,11,10
e,15,tri,1,18,8
e,16,tri,8,10,9
e,17,tri,19,13,14
e,18,tri,19,5,6
e,19,tri,11,19,12
e,20,tri,12,6,7
e,21,tri,19,6,12
e,22,tri,17,19,11
e,23,tri,14,5,19
e,24,tri,13,19,17
e,25,tri,18,10,8
e,26,tri,15,18,1
e,27,tri,17,11,18
e,28,tri,13,18,15
e,29,tri,16,2,4
e,30,tri,14,16,5
e,31,tri,15,1,16
e,32,tri,13,16,14
e,33,tri,33,28,27
e,34,tri,33,22,21
e,35,tri,25,26,33
e,36,tri,26,23,22
e,37,tri,33,26,22
e,38,tri,31,25,33
e,39,tri,28,33,21
e,40,tri,27,31,33
e,41,tri,32,8,24
e,42,tri,29,1,32
e,43,tri,31,32,25
e,44,tri,27,29,32
e,45,tri,30,20,2
e,46,tri,28,21,30
e,47,tri,29,30,1
e,48,tri,27,28,30
e,49,tri,40,24,9
e,50,tri,34,56,40
e,51,tri,56,25,24
e,52,tri,56,51,55
e,53,tri,48,35,36
e,54,tri,49,54,48
e,55,tri,54,34,35
e,56,tri,54,51,53
e,57,tri,44,43,41
e,58,tri,44,35,34
e,59,tri,38,37,44
e,60,tri,37,36,35
e,61,tri,46,45,41
e,62,tri,46,10,11
e,63,tri,34,40,46
e,64,tri,40,9,10
e,65,tri,47,42,41
e,66,tri,47,39,38
e,67,tri,11,12,47
e,68,tri,12,7,39
e,69,tri,47,12,39
e,70,tri,45,11,47
e,71,tri,42,47,38
e,72,tri,41,45,47
e,73,tri,46,40,10
e,74,tri,43,34,46
e,75,tri,45,46,11
e,76,tri,41,43,46
e,77,tri,44,37,35
e,78,tri,42,38,44
e,79,tri,43,44,34
e,80,tri,41,42,44
e,81,tri,57,51,52
e,82,tri,57,49,50
e,83,tri,25,57,26
e,84,tri,26,50,23
e,85,tri,57,50,26
e,86,tri,55,57,25
e,87,tri,52,49,57
e,88,tri,51,57,55
e,89,tri,56,24,40
e,90,tri,53,56,34
e,91,tri,55,25,56
e,92,tri,51,56,53
e,93,tri,54,35,48
e,94,tri,52,54,49
e,95,tri,53,34,54
e,96,tri,51,54,52
e,97,tri,60,72,61
e,98,tri,58,80,60
e,99,tri,80,73,72
e,100,tri,80,75,79
e,101,tri,20,59,3
e,102,tri,21,78,20
e,103,tri,78,58,59
e,104,tri,78,75,77
e,105,tri,68,67,65
e,106,tri,68,59,58
e,107,tri,5,4,68
e,108,tri,4,3,59
e,109,tri,70,69,65
e,110,tri,70,62,63
e,111,tri,58,60,70
e,112,tri,60,61,62
e,113,tri,71,66,65
e,114,tri,71,6,5
e,115,tri,63,64,71
e,116,tri,64,7,6
e,117,tri,71,64,6
e,118,tri,69,63,71
e,119,tri,66,71,5
e,120,tri,65,69,71
e,121,tri,70,60,62
e,122,tri,67,58,70
e,123,tri,69,70,63
e,124,tri,65,67,70
e,125,tri,68,4,59
e,126,tri,66,5,68
e,127,tri,67,68,58
e,128,tri,65,66,68
e,129,tri,81,75,76
e,130,tri,81,21,22
e,131,tri,73,81,74
e,132,tri,74,22,23
e,133,tri,81,22,74
e,134,tri,79,81,73
e,135,tri,76,21,81
e,136,tri,75,81,79
e,137,tri,80,72,60
e,138,tri,77,80,58
e,139,tri,79,73,80
e,140,tri,75,80,77
e,141,tri,78,59,20
e,142,tri,76,78,21
e,143,tri,77,58,78
e,144,tri,75,78,76
e,145,tri,84,61,72
e,146,tri,82,84,97
e,147,tri,97,72,73
e,148,tri,97,96,92
e,149,tri,48,36,83
e,150,tri,49,48,95
e,151,tri,95,83,82
e,152,tri,95,94,92
e,153,tri,88,85,87
e,154,tri,88,82,83
e,155,tri,38,88,37
e,156,tri,37,83,36
e,157,tri,90,85,89
e,158,tri,90,63,62
e,159,tri,82,90,84
e,160,tri,84,62,61
e,161,tri,91,85,86
e,162,tri,91,38,39
e,163,tri,63,91,64
e,164,tri,64,39,7
e,165,tri,91,39,64
e,166,tri,89,91,63
e,167,tri,86,38,91
e,168,tri,85,91,89
e,169,tri,90,62,84
e,170,tri,87,90,82
e,171,tri,89,63,90
e,172,tri,85,90,87
e,173,tri,88,83,37
e,174,tri,86,88,38
e,175,tri,87,82,88
e,176,tri,85,88,86
e,177,tri,98,93,92
e,178,tri,98,50,49
e,179,tri,73,74,98
e,180,tri,74,23,50
e,181,tri,98,74,50
e,182,tri,96,73,98
e,183,tri,93,98,49
e,184,tri,92,96,98
e,185,tri,97,84,72
e,186,tri,94,82,97
e,187,tri,96,97,73
e,188,tri,92,94,97
e,189,tri,95,48,83
e,190,tri,93,49,95
e,191,tri,94,95,82
e,192,tri,92,93,95